京急ＥＸホテル品川（旧：京急ＥＸイン品川駅前）
4.23
3.88
4.69
4.23
3.80
3.64
4.04
品川プリンスホテル
3.77
3.62
4.58
3.57
3.55
3.08
3.93
アパホテル＜東京潮見駅前＞
4.12
3.81
4.38
3.86
3.90
4.14
4.15
東京ドームホテル
4.43
4.27
4.70
4.47
4.11
3.92
4.01
グランドニッコー東京　台場
4.53
4.32
4.69
4.61
4.47
4.19
4.38
スーパーホテルＬｏｈａｓ東京駅八重洲中央口　八重桜の湯
4.44
4.47
4.78
4.19
4.21
4.32
4.13
京王プレッソイン東京駅八重洲（２０１７年８月２８日オープン）
4.15
3.99
4.63
4.21
3.94
3.57
3.50
ホテルサンルート有明
4.06
3.81
4.29
4.01
3.80
3.73
3.76
京急ＥＸイン羽田
4.28
4.01
4.22
4.44
4.10
3.84
3.47
ヴィアイン飯田橋後楽園（２０１８年９月５日オープン）
4.37
4.20
3.83
4.50
4.11
4.00
3.99
ホテルニューグリーン御徒町
3.73
3.42
4.08
3.54
3.17
3.33
3.43
京王プレッソイン浜松町
4.23
4.07
3.89
4.30
4.06
3.67
3.53
三井ガーデンホテル京橋
4.29
4.23
4.49
4.37
4.14
3.97
4.16
東京ベイ有明ワシントンホテル
4.04
3.72
4.48
3.92
3.70
3.41
3.94
相鉄フレッサイン　新橋日比谷口
4.15
3.81
4.62
3.98
3.87
3.54
3.57
京急ＥＸホテル高輪（旧：京急ＥＸイン高輪）
4.09
3.79
4.49
3.99
3.86
3.63
3.66
アパホテル＜品川　泉岳寺駅前＞
4.02
3.80
4.37
3.88
3.84
4.00
3.83
リッチモンドホテル東京水道橋
4.36
4.15
4.44
4.31
4.23
4.02
3.36
明神の湯ドーミーインPREMIUM神田
4.29
4.08
4.28
4.33
4.15
4.55
4.30
三井ガーデンホテル銀座プレミア
4.27
4.04
4.28
4.34
4.22
4.21
4.44
ヴィアイン東京大井町
4.20
3.92
4.52
4.16
3.87
3.55
3.58
京王プレッソイン大手町
4.14
3.93
4.11
4.11
3.79
3.53
3.71
ダイワロイネットホテル東京有明（２０１８年１０月１日オープン）
4.37
3.95
4.72
4.66
3.94
4.49
3.87
京王プレッソイン神田
4.09
3.95
4.06
4.03
3.76
3.39
3.55
京王プレッソイン池袋
4.13
4.03
4.38
4.11
3.87
3.57
3.80
レム六本木
4.37
4.00
4.74
4.38
3.90
3.78
3.77
京王プレッソイン五反田
4.00
3.86
4.07
3.91
3.72
3.38
3.47
アパホテル＆リゾート＜西新宿五丁目駅タワー＞（２０１８年３月２０日オープン）
3.93
3.56
4.18
3.94
3.82
3.98
3.59
ＪＲ東日本ホテルメッツ渋谷
4.35
4.17
4.42
4.35
4.09
3.81
3.59
京王プレッソイン赤坂
4.24
4.03
4.63
4.27
3.99
3.54
3.80
京王プレッソイン日本橋茅場町（旧：京王プレッソイン茅場町)
4.18
3.93
4.45
4.07
3.75
3.34
3.78
三交インＧｒａｎｄｅ東京浜松町
4.39
4.11
4.46
4.36
4.23
4.34
4.18
アパホテル＜巣鴨駅前＞
4.44
4.22
4.74
4.38
4.22
4.33
4.39
京王プレッソイン新宿
3.88
3.73
3.63
3.80
3.47
3.39
3.50
ニューセントラルホテル＜東京都＞
3.98
3.85
4.41
3.49
3.69
4.31
3.40
京王プレッソイン東銀座
3.94
3.84
4.24
3.86
3.61
3.22
3.48
全国町村会館
4.29
3.98
4.44
4.34
3.98
3.78
4.08
ヴィアイン新宿
4.21
4.06
4.07
4.17
3.98
3.63
4.06
ヴィラフォンテーヌ東京汐留
4.08
3.88
4.36
4.28
3.89
3.68
3.62
伝馬の湯　ドーミーインＰＲＥＭＩＵＭ東京小伝馬町
4.43
4.41
4.28
4.42
4.32
4.51
4.49
ホテル銀座ダイエー
4.19
3.96
4.44
3.99
3.85
3.41
4.00
ザ・プリンス　パークタワー東京
4.62
4.54
4.65
4.60
4.57
4.46
4.56
グランドプリンスホテル新高輪
4.07
4.00
4.19
4.02
3.99
3.52
3.89
ホテルサンルート新橋
4.19
4.01
4.43
4.05
3.84
3.72
3.48
お茶の水ホテルジュラク
4.28
4.03
4.35
4.14
4.01
3.83
4.43
ニューオータニイン東京
3.88
3.46
4.61
3.90
3.68
3.53
3.97
亀島川温泉　新川の湯　ドーミーイン東京八丁堀
4.32
4.26
4.22
4.01
4.10
4.62
4.34
東急ステイ高輪（泉岳寺駅前）（２０１８年２月１５日オープン）
4.51
4.23
4.54
4.68
4.27
4.30
4.17
ホテルサンルート銀座
4.20
4.04
4.39
4.18
3.97
3.94
3.78
HOTEL　Guest1　ホテルゲストワン上野駅前
4.02
4.01
4.28
4.02
3.88
3.68
3.69
京急ＥＸイン　蒲田
4.14
3.92
4.18
4.10
3.96
3.72
4.00
京急ＥＸイン　浅草橋駅前
4.09
3.78
4.29
4.07
3.81
3.55
3.53
京急ＥＸイン　秋葉原
4.37
4.20
4.27
4.42
4.20
3.91
4.00
ホテル　サードニクス東京
4.52
4.32
4.45
4.56
4.28
3.93
4.07
ヒルトン東京お台場
3.90
3.83
4.50
4.28
3.82
3.88
4.05
ベルケンホテル・神田（２０１８．６．９　ＧＲＡＮＤ　ＯＰＥＮ）
4.34
3.94
4.38
4.51
3.91
3.89
3.29
コンフォートホテル東京東日本橋
4.12
4.02
4.50
4.08
3.77
3.68
3.86
ダイワロイネットホテル東京赤羽
4.09
3.89
4.16
4.30
3.86
3.93
3.43
ホテルマイステイズ五反田駅前
3.61
3.54
4.65
3.44
3.49
3.10
3.58
コンフォートホテル東京東神田
4.35
4.20
3.69
4.53
4.11
4.09
3.98
アパホテル＜新宿　歌舞伎町タワー＞
3.70
3.41
4.37
3.63
3.57
3.87
3.45
ホテルメトロポリタン
4.27
4.24
4.67
4.18
4.07
3.76
4.00
変なホテル東京　浜松町（２０１８年４月２７日オープン）
4.02
3.44
4.74
4.06
3.76
3.69
2.88
ビジネスイン和
4.46
4.21
4.59
4.51
4.36
4.04
4.00
小田急ホテルセンチュリーサザンタワー
3.94
3.77
4.53
4.15
4.01
3.73
4.15
ヴィアイン秋葉原
4.04
3.93
4.28
4.04
3.89
3.81
3.85
ロイヤルパークホテル
4.49
4.44
4.49
4.34
4.31
4.08
4.34
浅草セントラルホテル
4.07
3.87
4.49
3.83
3.73
3.84
3.35
ホテル　インターコンチネンタル東京ベイ
4.44
4.46
4.44
4.64
4.31
4.53
4.28
春日の湯　ドーミーイン後楽園
4.41
4.27
4.22
4.21
4.24
4.61
4.56
リッチモンドホテルプレミア東京押上
4.52
4.31
4.76
4.53
4.38
4.26
4.15
ハートンホテル東品川
3.95
3.68
4.23
3.97
3.73
3.53
3.43
変なホテル東京　赤坂（２０１８年７月２０日オープン）
3.93
3.71
4.18
4.04
4.10
3.99
4.11
アパホテル＜蒲田駅東＞
4.18
3.81
4.20
3.99
3.99
3.76
3.57
八重洲ターミナルホテル
3.95
3.80
4.63
3.69
3.65
3.24
3.85
赤坂エクセルホテル東急
3.84
3.76
4.71
3.78
3.79
3.48
4.09
ユニゾイン神田駅西（２０１７年８月１５日オープン）
4.02
3.74
4.31
4.22
3.84
3.64
3.26
京王プラザホテル多摩
4.02
3.87
4.52
3.96
3.53
3.51
3.61
チェックイン新橋
3.57
3.45
4.42
3.25
3.37
3.65
3.35
アパホテル＜飯田橋駅前＞
3.89
3.61
4.43
3.89
3.58
3.33
3.76
サクラ・フルール　青山
3.78
4.08
4.02
3.69
3.77
3.02
3.69
京急ＥＸイン　品川・新馬場駅北口
4.00
3.82
4.53
3.96
4.03
3.59
3.36
相鉄フレッサイン　東京錦糸町（２０１７年１２月１０日オープン）
4.18
3.99
4.26
3.98
4.11
3.72
4.15
ホテル龍名館東京
4.51
4.41
4.82
4.38
4.52
3.96
4.45
京急ＥＸイン　大森海岸駅前
4.26
4.10
4.71
4.16
4.14
3.81
3.65
ホテルビスタプレミオ東京【赤坂】（２０１８年６月１４日オープン）
4.34
4.02
4.39
4.33
3.78
4.48
4.07
Ｈｏｔｅｌ　ＭＯＮｄａｙ　ＴＯＹＯＳＵ（２０１８年１０月２７日　オープン）
3.60
3.25
3.44
3.98
3.46
3.95
3.94
コンフォートホテル東京神田
4.03
4.02
4.01
4.06
3.75
3.47
3.87
浅草ビューホテル
4.25
4.02
4.43
4.11
3.91
3.59
4.32
ヴィアイン東銀座
4.10
3.96
4.37
4.08
3.88
3.71
3.80
ＮＥＸＵＳ　ＤＯＯＲ　ＴＯＫＹＯ
4.26
4.16
4.13
4.07
4.30
3.86
4.27
コンフォートホテル東京清澄白河
4.17
4.11
4.62
4.15
3.79
3.46
3.95
アーバイン東京・羽田　蒲田
4.00
3.51
3.74
3.85
3.60
3.77
3.04
レム秋葉原
4.03
4.02
4.86
4.24
4.08
3.66
3.94
リッチモンドホテル東京目白
4.16
4.02
4.50
3.99
3.94
3.82
3.84
スーパーホテル東京・芝【高濃度人工炭酸泉　開城の湯】（２０１８年８月２２日オープン）
4.29
4.17
3.70
4.38
4.05
4.14
4.28
アパホテル＜新宿御苑前＞
3.94
3.70
4.33
3.76
3.86
4.24
3.84
三井ガーデンホテル汐留イタリア街
4.13
4.06
3.89
4.17
3.97
4.12
4.07
ホテルトラスティ東京ベイサイド
4.15
4.07
3.86
4.13
4.02
3.83
4.13
東武ホテルレバント東京
4.50
4.26
4.68
4.45
4.08
3.87
4.22
アパホテル＜浅草蔵前＞
3.68
3.49
3.85
3.50
3.61
3.60
3.84
グランドプリンスホテル高輪
4.32
4.26
4.13
4.33
4.22
3.84
4.12
ダイワロイネットホテル銀座
4.38
4.00
4.47
4.30
4.00
4.25
4.00
すえひろの湯　ドーミーイン秋葉原
4.35
4.23
4.29
4.19
4.26
4.59
4.00
ホテルミュッセ銀座名鉄（２０１８年３月１日オープン）
4.18
3.90
4.37
4.26
4.02
4.48
3.77
リッチモンドホテルプレミア浅草
4.51
4.31
4.38
4.48
4.24
4.09
4.53
ドーミーインPREMIUM渋谷神宮前
4.09
4.06
3.89
3.94
4.11
4.28
4.21
ホテル　ココ・グラン北千住
4.40
4.26
4.50
4.42
4.49
4.37
3.98
神田ステーションホテル
3.63
3.53
4.38
3.44
3.41
3.10
2.97
ホテルメトロポリタン　エドモント
4.41
4.24
4.48
4.32
4.21
4.10
4.39
ホテルユニゾ新橋
3.84
3.64
4.42
3.66
3.69
3.38
3.46
ホテル　サンパティオ
4.06
3.91
4.40
3.84
3.66
3.43
3.74
スーパーホテルＬｏｈａｓ池袋駅北口　高濃度炭酸泉～ふくろうの湯～
4.28
4.09
3.84
3.85
4.05
4.40
4.29
チサンホテル浜松町
3.55
3.34
3.48
3.34
3.31
3.03
4.09
ＪＲ東日本ホテルメッツ高円寺
4.26
3.92
4.75
4.22
3.95
3.64
3.71
新小岩パークホテル
3.82
3.48
4.41
3.56
3.24
3.06
3.53
アパホテル＜御茶ノ水駅北＞
3.82
3.69
3.79
3.85
3.96
3.35
3.58
名鉄イン浜松町
4.19
3.86
4.40
4.18
3.87
3.66
3.00
アパヴィラホテル＜赤坂見附＞（アパホテルズ＆リゾーツ）
3.33
3.33
4.36
3.03
3.32
2.78
3.85
アパホテル＜東京木場＞
3.49
3.46
3.53
3.25
3.58
3.16
3.77
浅草橋ビジネスホテル
3.78
3.59
4.47
3.51
3.31
3.06
3.09
ＪＲ東日本ホテルメッツ赤羽
4.28
4.05
4.81
4.32
4.02
3.97
4.01
立川ワシントンホテル
4.23
4.13
4.51
4.33
3.93
3.91
4.29
ホテルユニゾ渋谷
4.29
4.00
4.48
3.97
4.03
3.67
4.50
サンシャインシティプリンスホテル
3.99
4.02
4.24
3.94
3.77
3.65
4.27
ダイワロイネットホテル東京大崎
3.83
3.51
4.31
4.04
3.67
3.67
3.66
お茶の水ホテル昇龍館
4.53
4.56
4.17
4.25
4.15
4.50
4.15
アパホテル＜東京九段下＞
3.67
3.48
4.17
3.59
3.38
3.25
4.21
リッチモンドホテル浅草
4.35
4.23
4.41
4.39
4.28
4.04
4.45
スーパーホテル　東京・ＪＲ立川北口
4.09
4.09
3.72
4.05
3.81
3.72
4.00
ホテルリブマックス茅場町
4.10
3.84
4.31
4.03
3.90
3.56
3.53
東京イン
3.83
3.58
4.36
3.60
3.51
3.29
3.52
グランパークホテル　パネックス東京
3.66
3.47
4.29
3.40
3.45
3.25
4.00
ホテルマイステイズ亀戸
3.47
3.25
3.64
3.40
3.11
2.77
3.42
星野リゾート　ＯＭＯ５　東京大塚（２０１８年５月９日グランドオープン）
4.17
3.85
4.53
4.26
3.46
4.12
3.76
ホテルマイステイズプレミア大森（旧アートホテルズ大森）
4.18
3.84
3.93
4.35
3.98
3.47
3.82
相鉄フレッサイン　東京東陽町駅前
4.13
3.99
4.55
4.11
3.99
3.64
3.51
変なホテル東京　羽田（２０１８年１０月３日オープン）
3.78
3.30
3.83
3.98
3.63
3.68
3.56
Ｔマークシティホテル東京大森
4.26
3.86
4.20
4.49
4.08
3.89
4.33
ホテルリブマックス高田馬場駅前
4.04
3.79
4.26
4.04
3.84
3.38
4.20
アパホテル＜渋谷道玄坂上＞
3.81
3.81
3.94
3.63
3.48
3.33
3.87
ホテルサンルートプラザ新宿
3.77
3.75
4.49
3.77
3.65
3.55
3.70
東京プリンスホテル
4.07
3.86
4.29
4.00
3.81
3.40
4.03
ホテルルポール麹町（地方職員共済組合麹町会館）
4.21
3.91
4.35
4.00
3.78
4.18
4.07
ホテルリブマックス東京潮見駅前
4.04
3.65
4.59
4.07
3.93
3.28
3.60
アパホテル＜神田神保町駅東＞
4.00
3.95
4.22
4.09
3.85
3.45
3.95
第一ホテル両国
3.96
3.67
4.21
3.97
3.75
3.64
3.78
ヴィラフォンテーヌ東京九段下
4.11
3.75
4.16
4.00
3.61
3.75
3.88
立川グランドホテル
3.66
3.47
4.26
3.65
3.35
3.30
3.94
ホテルオークラ東京
4.84
4.78
4.37
4.62
4.60
4.36
4.81
アパホテル＜半蔵門　平河町＞
3.72
3.65
3.89
3.73
3.62
3.41
3.36
相鉄フレッサイン　銀座七丁目
4.04
3.89
4.20
3.96
3.82
3.56
3.75
ライフツリー上野
4.23
3.94
4.45
4.25
4.00
3.71
3.63
ＪＲ東日本ホテルメッツ立川
4.22
3.92
4.83
4.24
3.98
3.79
3.48
アパホテル＜銀座　京橋＞
3.80
3.63
4.16
3.71
3.52
3.19
3.53
徒士の湯　ドーミーイン上野・御徒町
4.23
3.84
4.37
4.16
3.95
4.40
4.11
ホテルリソル町田
4.00
3.88
4.28
3.90
3.77
3.30
3.80
ホテルサーブ渋谷
3.94
3.78
4.59
3.66
3.73
3.31
3.77
アパホテル＜新橋　虎ノ門＞
3.51
3.47
4.02
3.64
3.60
3.37
3.14
ホテルサンルート品川シーサイド
4.21
3.97
4.25
4.28
3.99
3.92
4.00
アパホテル＜東京板橋駅前＞
3.54
3.46
4.26
3.15
3.33
2.96
3.41
ホテルリステル新宿
3.62
3.47
3.36
3.74
3.37
3.03
3.43
相鉄フレッサイン　東京田町
4.00
3.84
4.21
3.83
3.79
3.34
3.61
アパホテル＜池袋駅北口＞
3.75
3.64
3.97
3.78
3.79
3.33
3.88
ホテルイルフィオーレ葛西（２０１７年１２月７日オープン）
4.13
3.80
4.37
4.17
3.93
3.79
3.24
ＪＲ東日本ホテルメッツ駒込
4.44
4.15
4.85
4.52
4.24
4.12
3.83
ＴＨＥ　ＧＡＴＥ　ＨＯＴＥＬ（ザ・ゲートホテル）　雷門　ｂｙ　ＨＵＬＩＣ
4.52
4.40
4.86
4.28
4.31
4.10
4.48
アパホテル＜西麻布＞
3.06
3.12
3.31
2.94
3.13
2.51
3.43
アパホテル＜浅草駅前＞(全室禁煙)（２０１８年１０月２３日オープン）
3.79
3.54
4.64
3.88
3.67
3.45
3.67
東京ステーションホテル
4.77
4.77
4.93
4.65
4.69
4.45
4.63
羽田エクセルホテル東急
4.34
4.06
4.80
4.32
4.09
3.91
4.14
京王プレッソイン九段下
4.14
4.14
4.51
3.96
3.78
3.56
3.66
スーパーホテル東京・日本橋三越前
4.19
3.98
3.98
4.08
3.92
3.49
4.00
アパホテル＜新橋　御成門＞
3.69
3.54
3.87
3.68
3.55
3.02
3.40
ホテル　メルパルク東京
4.08
3.96
4.23
3.99
3.78
3.56
4.14
ヴィラフォンテーヌ東京浜松町
4.03
3.71
3.79
4.17
3.73
3.92
3.87
エスペリアイン日本橋箱崎（２０１８年１１月９日ＯＰＥＮ）
3.68
3.64
3.50
3.68
3.39
3.54
3.57
タマディアホテル羽田
4.39
4.11
4.51
4.26
4.06
4.03
4.33
帝国ホテル東京
4.76
4.78
4.77
4.84
4.78
4.70
4.65
イーホテル銀座（２０１８年１月１８日オープン）
4.11
4.22
4.33
3.87
4.15
3.19
3.66
シェラトン都ホテル東京
4.25
4.08
3.87
4.19
4.34
3.84
4.23
プレミアホテル－ＣＡＢＩＮ－新宿
4.23
4.02
4.13
4.07
4.01
3.51
4.32
変なホテル東京　浅草橋（２０１８年７月１３日オープン）
3.71
3.23
4.24
3.78
3.50
3.76
3.78
ホテルサンターガス大塚店
3.77
3.61
4.36
3.30
3.35
3.14
3.45
アパホテル＜人形町駅北＞
3.90
3.71
4.13
3.75
3.68
3.17
3.44
パレスホテル立川
4.35
4.15
4.61
4.40
3.97
3.84
4.00
ホテルアベスト目黒
3.08
3.04
4.13
3.04
2.87
2.46
3.36
変なホテル東京　西葛西（２０１７年１２月１５日オープン）
3.94
3.55
3.86
4.01
3.81
3.63
3.42
ホテル　アーバン＜ＨＯＴＥＬ　ＵＲＢＡＮ＞
4.06
4.00
4.38
3.97
3.91
3.81
3.50
ビジネスホテル　オーク・イン３　蒲田東口
4.05
3.79
4.17
3.71
3.58
3.29
3.33
ホテルユニゾ銀座一丁目
3.46
3.27
4.25
3.44
3.63
2.81
3.29
ホテルリブマックス豊洲駅前
4.07
3.65
4.45
3.88
3.87
3.62
3.67
ホテルマイステイズプレミア赤坂
4.32
4.03
4.30
4.32
4.21
4.18
3.79
アパホテル＜浅草　田原町駅前＞
4.09
3.88
4.53
3.89
3.86
4.41
3.82
西鉄イン新宿
4.21
3.94
4.43
4.37
3.90
3.64
3.92
ハイアット　リージェンシー　東京
4.45
4.27
4.48
4.59
4.43
4.18
4.63
第一ホテル東京
4.44
4.24
4.67
4.41
4.44
4.12
4.21
庭のホテル　東京
4.59
4.41
4.48
4.61
4.40
4.32
4.54
スーパーホテル東京・ＪＲ蒲田西口
4.19
4.07
4.01
4.12
3.93
3.43
4.29
ホテルイースト２１東京（オークラホテルズ＆リゾーツ）
4.12
4.09
3.88
4.16
4.05
3.93
4.13
アパホテル＜飯田橋駅南＞
3.88
3.67
4.29
3.84
3.77
3.43
2.73
スーパーホテルＬｏｈａｓ赤坂　高濃度人工炭酸泉～茜草の湯～
4.28
3.94
4.52
4.02
3.98
3.96
4.32
スーパーホテル品川・新馬場【高濃度人工炭酸泉　七福神の湯】
4.28
4.14
3.89
4.20
4.02
4.34
4.07
アパホテル＜三田駅前＞
3.48
3.27
4.14
3.46
3.47
3.22
3.13
ホテルトムス
3.97
3.99
3.35
3.91
3.61
3.42
3.38
ＨＯＴＥＬ　ＲＥＬＩＥＦ　Ｐｒｅｍｉｕｍ　羽田（ホテルリリーフプレミアム）
4.00
3.79
3.53
4.12
4.00
3.70
3.69
新宿区役所前カプセルホテル
3.81
3.67
4.32
3.57
3.77
3.73
3.62
グランドセントラルホテル＜東京都＞
4.23
4.22
3.96
4.01
3.90
3.44
3.97
ヴィラフォンテーヌ東京六本木
3.88
3.74
4.41
3.85
3.74
3.79
4.05
アパホテル＜神田駅東＞
3.63
3.30
3.76
3.52
3.54
3.00
2.94
アパホテル＜八丁堀駅南＞
3.81
3.76
4.32
3.73
3.79
3.31
4.44
ホテルマイステイズ御茶ノ水
4.22
3.98
4.31
4.05
3.94
3.70
3.79
ホテルメトロポリタン丸の内
4.41
4.20
4.77
4.23
4.23
4.00
4.33
ホテル　ザ　セレスティン東京芝（旧セレスティンホテル）
4.63
4.68
4.18
4.59
4.62
4.14
4.66
リッチモンドホテル東京武蔵野
3.92
4.00
3.89
4.16
4.00
3.50
4.08
ウェスティンホテル東京
4.21
4.14
4.64
4.79
4.29
3.92
4.36
セントラルホテル＜東京都＞
3.93
3.78
4.63
3.50
3.71
4.32
3.38
アパホテル＜八丁堀　新富町＞
3.90
3.62
4.00
3.79
3.90
3.51
3.58
ホテル　ブーゲンビリア新宿（旧ホテル　ラ・ガール・ドゥ・ラ　ヴィー新宿）
3.43
3.41
3.57
3.28
3.03
3.03
3.20
丸ノ内ホテル
4.27
4.42
4.89
4.50
4.43
3.69
4.21
新宿プリンスホテル
3.77
3.71
4.45
3.63
3.51
3.12
3.95
赤坂グランベルホテル
4.40
4.43
4.80
4.17
4.17
3.31
3.83
ホテル新橋三番館
4.03
3.74
4.37
3.84
3.79
3.73
3.85
ホテル　グランドヒル市ヶ谷
4.07
3.81
4.42
4.30
3.80
4.03
4.00
アパホテル＜上野駅前＞
4.02
3.67
3.93
4.09
3.79
3.45
4.00
ミレニアム三井ガーデンホテル東京
4.26
4.11
4.33
4.41
3.93
4.19
4.16
ホテルサトー・東京
3.29
3.13
4.50
3.01
2.71
2.76
3.42
ビジネスホテルソーシャル蒲田
3.69
3.50
3.97
3.38
3.29
3.15
3.00
ホテルスタープラザ池袋
3.73
3.47
4.03
3.61
3.24
3.14
3.47
ＪＲ東日本ホテルメッツ目白
4.30
4.05
4.92
4.30
4.12
3.95
3.98
ホテルマイステイズ蒲田
4.16
3.91
4.16
4.19
3.93
3.55
3.20
相鉄フレッサイン　銀座三丁目
4.38
4.09
4.51
4.18
4.19
3.85
4.56
ヴィラフォンテーヌ東京田町
4.10
3.97
3.83
4.30
4.11
3.93
3.85
サウナ＆カプセルホテル　ダンディ
3.89
3.69
4.25
3.61
3.57
3.82
3.57
相鉄フレッサイン　浜松町大門
3.92
3.76
3.87
3.94
3.79
3.65
3.52
ホテルリブマックス葛西駅前
3.95
3.78
4.03
3.95
3.78
3.55
3.53
ザ　ノット　東京新宿
4.35
3.65
3.82
4.41
3.76
3.82
4.86
ホテルサンターガス　上野店
3.62
3.60
4.22
3.22
3.08
2.64
3.46
ザ・ビー三軒茶屋
3.81
3.84
4.48
3.56
3.60
3.03
3.67
ＪＲ東日本ホテルメッツ国分寺
4.21
4.02
4.79
4.43
4.02
4.00
3.53
相鉄フレッサイン　東京京橋
3.99
3.62
4.28
3.86
3.73
3.59
3.53
カプセルホテル新宿５１０
4.02
3.83
4.02
3.71
3.81
3.76
3.43
ＨＯＴＥＬ　ＲＥＬＩＥＦ　Ｐｒｅｍｉｕｍ　羽田空港（ホテルリリーフプレミアム）
4.24
3.97
4.36
4.34
4.10
3.80
3.93
ヴィラフォンテーヌ東京日本橋三越前
3.76
3.60
3.76
3.70
3.57
3.29
3.43
ホテルリブマックス東京馬喰町
3.82
3.49
4.31
3.80
3.80
3.45
4.50
ホテル　ミッドイン・目黒駅前
3.56
3.63
4.31
3.75
3.69
3.19
3.00
ファーストキャビン（ＦＩＲＳＴ　ＣＡＢＩＮ）京橋（２０１７年４月１７日オープン）
3.88
3.74
4.14
3.85
3.82
3.90
3.90
ホテルマイステイズ羽田
4.12
3.73
4.14
4.21
3.84
3.72
3.98
ホテルリブマックス府中
3.31
3.25
3.71
3.27
3.20
2.76
3.20
アパホテル＜神田駅前＞
4.11
3.92
4.53
4.10
3.95
3.54
3.39
ANAインターコンチネンタルホテル東京
3.76
3.43
4.16
3.62
3.44
3.21
3.86
スーパーホテル浅草
4.35
4.27
4.33
4.20
4.14
3.52
4.26
ＪＲ東日本ホテルメッツ武蔵境
4.34
4.19
4.75
4.31
4.19
3.97
3.64
ホテル法華イン日本橋
4.19
4.02
4.15
4.19
4.02
3.41
3.38
ドーミーインＥＸＰＲＥＳＳ目黒青葉台
4.35
3.95
3.92
4.30
4.11
3.72
4.00
ベイサイドホテルアジュール竹芝・浜松町
3.83
3.55
4.18
3.52
3.50
3.70
3.81
アパホテル＜六本木駅前＞
4.03
3.85
4.70
3.91
3.76
3.29
4.23
ホテルマイステイズ立川
4.22
3.96
3.81
4.30
4.04
3.48
3.29
リーガロイヤルホテル東京
4.43
4.35
3.83
4.52
4.24
4.12
4.33
ヴィラフォンテーヌ東京茅場町
3.80
3.34
4.08
3.69
3.29
3.37
3.33
ホテル東京ガーデンパレス
4.37
4.30
4.55
4.38
4.23
4.27
4.18
アパホテル＜六本木一丁目駅前＞
3.80
3.78
4.14
3.73
3.85
3.34
4.00
赤坂陽光ホテル
3.62
3.53
3.86
3.31
3.32
2.95
3.42
ホテルユニゾ銀座七丁目
3.93
3.40
4.17
3.77
3.63
3.35
3.23
ホテルルートイン品川大井町
3.92
3.77
4.03
3.69
3.71
3.28
3.98
ホテル京阪　築地銀座グランデ（２０１８年１２月１４日新規オープン）
4.38
4.00
4.25
4.38
4.13
4.25
4.25
スーパーホテル新橋・烏森口
4.02
4.16
3.88
4.02
3.89
3.36
3.84
アパホテル＜ＴＫＰ日暮里駅前＞
3.92
3.66
4.27
3.89
3.89
3.56
3.95
変なホテル東京　銀座（２０１８年２月１日オープン）
3.68
3.46
4.12
3.89
3.61
3.63
3.12
豪華カプセルホテル　安心お宿プレミア　新橋汐留店
4.54
4.49
4.07
4.34
4.58
4.49
－－－－－
渋谷グランベルホテル
3.91
3.48
4.38
3.82
3.75
3.28
3.07
豪華カプセルホテル　安心お宿プレミア新宿駅前店
4.22
4.25
4.70
4.12
4.44
4.22
－－－－－
トーセイホテルココネ上野
4.36
4.36
4.82
4.27
4.27
3.60
4.60
ホテルモントレ赤坂
4.36
4.18
4.02
4.18
4.18
3.88
4.47
相鉄フレッサイン　東京六本木（２０１７年１０月１０日オープン）
4.17
3.83
4.60
4.14
3.90
3.76
3.90
スーパーホテル　ＪＲ池袋西口
4.00
4.03
4.34
4.16
3.91
3.34
3.95
三井ガーデンホテル上野
4.30
4.09
4.66
4.17
4.13
3.81
4.29
ホテルビスタ蒲田東京
3.95
3.79
4.04
4.16
3.69
3.36
4.00
銀座ベルビューホテル
4.04
4.00
4.72
3.55
3.60
3.17
3.55
スーパーホテルＪＲ上野入谷口
4.00
3.93
3.90
3.87
3.70
3.37
4.06
ホテルリブマックス秋葉原北
4.24
4.08
3.64
4.36
4.12
3.84
3.60
レム日比谷
4.02
4.04
4.59
4.22
4.04
3.34
3.31
くれたけインプレミアム浜松町
3.64
3.48
3.47
3.62
3.36
3.77
3.50
ホテルサンルート五反田
3.50
3.45
3.81
3.26
3.27
2.98
2.30
東急ステイ青山プレミア
4.34
4.16
4.61
4.19
4.46
3.74
4.35
ホテルマイステイズ五反田
3.90
3.68
3.88
3.90
3.87
2.91
4.14
センターホテル東京
3.61
3.48
3.84
3.48
3.33
2.97
2.98
サンメンバーズ東京新宿
3.94
3.94
3.74
3.90
3.47
3.09
4.22
御徒町ステーションホテル
3.33
2.94
3.88
3.03
2.80
2.77
3.00
サンホテル八王子
3.93
3.69
4.22
3.69
3.57
3.18
3.98
京王プラザホテル
4.17
4.18
4.46
4.30
4.19
3.95
4.31
ホテル　ニューパーク
3.58
3.36
4.17
3.37
3.24
3.00
3.47
綾瀬国際ホテル
3.80
3.51
4.40
3.53
3.44
3.21
3.20
レジデンシャルホテル　ビーコンテ浅草
4.68
4.34
4.58
4.65
4.40
3.67
4.05
ザ・ビー八王子
4.37
4.19
4.63
4.20
4.07
3.67
3.63
ホテルリブマックス新橋
3.78
3.53
3.55
3.76
3.75
3.42
4.00
アパホテル＜東新宿　歌舞伎町＞
3.64
3.64
3.73
3.61
3.70
3.63
2.80
スーパーホテル秋葉原・末広町　高濃度人工炭酸泉～藍染の湯～
4.24
4.16
3.91
4.04
3.91
3.86
3.95
ホテルニューオータニ
4.33
4.22
4.41
4.15
4.17
4.07
4.42
フォレスト・イン昭和館（オークラホテルズ＆リゾーツ）
4.52
4.39
4.31
4.52
4.35
4.34
4.42
ホテルリソル池袋
4.37
4.17
4.43
4.34
4.23
4.06
4.38
アパホテル＜京急蒲田駅前＞
4.08
3.85
4.36
4.08
3.82
3.46
3.77
スーパーホテル　東京・大塚
4.36
4.34
4.57
4.32
4.28
3.47
4.21
アーヴェストホテル蒲田（東口）
4.33
4.32
4.32
4.14
4.14
3.76
4.28
ホテルルートイン東京池袋
3.97
4.03
3.88
3.92
3.75
3.44
3.95
東急ステイ渋谷　（道玄坂上）
4.18
3.89
3.78
4.27
3.90
3.74
3.76
大森パークホテル
3.36
3.12
3.94
3.18
2.82
2.84
3.80
後楽ガーデンホテル
3.53
3.20
3.89
3.59
3.33
3.09
3.42
東急ステイ新橋
4.15
3.97
4.14
4.25
3.94
3.86
3.72
ホテル　オーエド＜HOTEL　OHEDO＞
3.89
3.67
4.04
3.63
3.41
3.16
4.07
ホテルグランドフレッサ　赤坂
4.12
3.88
4.64
4.05
3.99
3.70
3.60
両国ビューホテル
4.32
4.04
4.82
4.21
3.82
3.70
4.00
お茶の水イン
4.27
4.34
4.59
3.95
4.04
3.56
3.68
ロッテシティホテル錦糸町
4.39
3.99
4.73
4.39
4.26
4.09
4.02
カプセルイン蒲田
3.81
3.40
4.36
3.58
3.40
3.81
3.40
上野ステーションホステル　オリエンタル　２（旧：カプセルサウナ　ニューセンチュリー）
3.78
3.70
4.18
3.53
3.63
3.85
3.63
東京バニアンホテル
4.01
4.09
4.44
3.76
3.83
3.48
3.75
アネックス　チェックイン新橋
3.89
3.79
4.31
3.53
3.62
3.36
3.34
京急ＥＸイン品川・泉岳寺駅前（泉岳寺駅Ａ４出口）
4.06
3.94
4.15
4.17
4.10
3.77
3.78
ホテルグランドパレス（Hotel　Grand　Palace）
4.31
4.23
4.63
4.18
4.00
3.94
4.27
ホテルメンテルス大塚
3.75
3.87
3.81
3.60
3.28
3.20
4.14
スーパーホテル上野・御徒町
4.22
4.22
4.50
4.10
4.02
3.56
3.81
アパホテル＜小伝馬町駅前＞
3.82
3.62
4.10
3.75
3.67
3.53
3.88
アパホテル＜東日本橋駅前＞
4.07
3.87
4.57
4.04
3.89
3.63
3.57
かどやホテル＜東京都＞
3.89
3.79
4.56
3.70
3.63
3.32
3.84
ホテルリブマックス上野駅前
3.82
3.64
4.11
3.61
3.96
3.83
－－－－－
プラザイン羽村
4.14
4.09
4.34
4.04
3.99
4.06
4.18
銀座クレストン（旧東京新阪急ホテル）
4.13
3.83
3.87
4.39
3.78
3.55
3.83
ホテル　シェーナ
3.94
3.77
4.02
3.75
3.77
3.55
3.00
セルリアンタワー東急ホテル
4.53
4.33
4.58
4.50
4.52
4.25
4.32
ザ　ロイヤルパークホテル　東京羽田
4.18
3.91
4.83
3.98
4.09
3.91
3.88
ホテルマイステイズ浜松町
3.47
3.26
4.16
3.47
3.32
3.00
－－－－－
アパホテル＜秋葉原駅前＞
3.82
3.46
4.41
3.82
3.32
3.04
2.85
ホテル　メルディア　荻窪（旧：クラブイン荻窪）
4.07
4.03
4.13
3.83
3.58
3.40
4.00
スーパーホテルＰｒｅｍｉｅｒ銀座　天然温泉　奥湯河原の湯（２０１８年１０月１９日新規オープン）
4.28
4.24
4.56
4.31
4.19
4.21
4.18
ホテルマイステイズプレミア浜松町（旧アートホテルズ浜松町)
4.12
3.86
4.08
4.25
3.83
3.45
3.76
ＳＰＡ＆ＨＯＴＥＬ　和
4.31
4.18
4.74
4.13
4.34
4.95
3.47
チサンイン蒲田
4.06
4.00
4.51
3.92
3.75
3.58
4.33
立川ホテル
3.78
3.51
3.69
3.61
3.35
3.48
2.67
ホテルフェリーチェ赤坂（２０１８年３月２９日オープン）
3.88
3.74
4.29
3.97
3.74
3.91
4.50
ホテル　ココ・グラン上野不忍（うえのしのばず)
4.37
4.34
4.44
4.14
4.42
4.31
4.13
ホテルコンチネンタル
4.09
3.90
4.49
3.94
3.77
3.69
4.09
住庄ほてる
3.86
3.72
4.00
3.63
3.64
3.95
4.48
ホテル椿山荘東京
4.53
4.50
3.79
4.65
4.70
4.44
4.18
新宿ワシントンホテル　本館
3.84
3.83
3.78
3.64
3.82
3.54
3.89
東横イン品川港南口天王洲アイル
3.81
3.64
4.06
3.70
3.46
3.40
3.41
ベルケンホテル東京
3.99
3.82
3.79
4.16
3.69
3.70
4.00
ホテルリブマックス浅草橋駅前
4.15
3.83
4.35
3.96
4.04
3.66
4.00
吉祥寺東急ＲＥＩホテル
4.19
4.06
4.67
4.13
4.08
3.57
4.06
豪華カプセルホテル　安心お宿プレミア　荻窪店
4.35
4.17
4.23
4.15
4.47
4.23
4.26
ホテルサンルートパティオ大森
3.74
3.39
4.50
3.58
3.46
3.47
3.50
ホテルサンルート東新宿
4.07
3.83
4.51
3.92
3.79
3.62
3.89
セルメスイン日本橋
3.53
3.43
3.60
3.43
3.17
3.00
3.00
フレックステイイン飯田橋
4.21
3.94
3.97
4.06
3.91
3.45
－－－－－
ファーストキャビン　西麻布
4.00
4.01
3.87
4.08
4.08
4.32
4.22
豪華カプセルホテル　安心お宿　新橋駅前店
4.14
4.08
4.80
3.98
4.23
3.76
－－－－－
ホテル・ビジネスヴィラ大森
3.23
3.25
3.33
2.98
3.18
2.70
3.15
ホテルＪＡＬシティ羽田　東京
4.22
3.98
4.34
4.20
4.10
3.70
4.30
ホテルリブマックス東京新富町
3.75
3.38
3.75
4.13
3.88
3.29
－－－－－
アパホテル＜東新宿駅前＞
3.42
3.32
4.26
3.74
3.58
2.93
2.67
ベストウェスタンレンブラントホテル東京町田
4.05
4.03
4.19
4.15
3.96
3.49
4.03
ｇｌｏｂａｌ　ｃａｂｉｎ　東京水道橋（ドーミーインチェーン）
4.46
4.38
4.78
4.33
4.39
4.28
4.28
ヴィラフォンテーヌ東京大手町
3.86
3.71
3.79
4.04
3.71
3.62
3.61
アパホテル＜町田駅東＞
3.63
3.74
3.57
3.79
3.50
3.06
3.10
ホテル町田ヴィラ
3.64
3.36
4.20
3.26
3.13
3.37
3.44
ホテル　シャーウッド
4.00
3.70
4.04
3.78
3.89
3.37
3.63
アパホテル＜ＴＫＰ東京西葛西＞（２０１７年１２月１日オープン）
4.01
3.83
4.39
4.10
3.76
3.66
3.07
東急ステイ渋谷新南口
4.14
3.84
4.02
4.12
3.88
3.52
3.89
アーバイン東京・上野　北千住（２０１８年３月１６日グランドオープン）
4.28
3.99
4.43
4.23
3.88
3.76
3.80
アパホテル＜京成上野駅前＞
3.82
3.60
4.69
3.80
3.67
3.41
3.39
ストリングスホテル東京インターコンチネンタル
4.67
4.67
4.93
4.80
4.40
4.47
4.75
ダイヤモンドホテル
3.93
3.80
4.35
3.71
3.47
3.21
3.62
リッチモンドホテル東京芝
4.15
4.02
4.38
4.15
3.96
3.73
3.57
ＨＯＴＥＬ　ＡＸＡＳ　ＮＩＨＯＮＢＡＳＨＩ（ホテルアクサス日本橋）
4.47
4.00
4.27
4.37
4.23
4.38
5.00
ホテル京阪　浅草
4.08
3.85
4.07
4.01
3.83
3.51
3.93
政府登録ホテル白川郷
4.01
3.85
4.06
3.80
3.63
3.64
4.53
板橋センターホテル
4.41
4.18
4.38
4.38
4.09
3.97
4.00
アパホテル＜東京大島＞
3.57
3.48
3.29
3.63
3.68
3.35
2.82
ホテルリブマックス東銀座
4.06
3.56
4.34
3.87
3.76
3.54
3.67
レッドルーフ　イン蒲田／羽田　東京
4.12
3.85
3.91
4.27
3.83
3.56
3.32
ＪＲ九州ホテルブラッサム新宿
4.58
4.30
4.61
4.58
4.30
4.19
4.54
ＪＲ東日本ホテルメッツ田端
4.33
4.21
4.60
4.14
4.09
4.00
3.77
京王プラザホテル八王子
4.47
4.25
4.87
4.49
4.10
4.00
3.95
スーパーホテル東京・亀戸
4.04
4.08
3.96
4.00
3.85
3.34
3.87
アパホテル＜新富町駅前＞
3.79
3.55
4.16
3.76
3.58
3.23
3.25
ＪＲ東日本ホテルメッツ久米川
4.06
3.76
4.30
3.85
3.64
3.47
3.32
ＨＯＴＥＬ　ＬＥＯＮ　目黒
3.37
3.78
4.53
3.28
4.00
2.94
3.24
東口池袋ロイヤルホテル
2.87
2.68
4.10
2.74
2.75
2.61
4.33
ホテル・パークサイド＜東京／上野＞
3.83
3.63
4.18
3.70
3.66
3.56
3.84
ナインアワーズ蒲田
4.04
3.82
4.27
3.88
3.69
4.05
3.50
ホテルマイステイズ神田
4.02
3.73
3.63
4.02
3.76
2.86
－－－－－
イチホテル赤坂　ｂｙ　ＲＥＬＩＥＦ(２０１８年１１月３０日ＯＰＥＮ）
4.40
3.73
4.27
4.27
3.73
3.87
3.38
Ｒ＆Ｂホテル東京東陽町
3.96
3.64
4.43
3.81
3.25
3.41
3.72
ユニゾイン八丁堀
4.12
3.87
4.40
4.03
3.88
3.66
3.43
センチュリオンホテルグランド赤坂
4.23
3.95
4.55
3.87
3.57
4.00
4.00
ホテル日航立川　東京
4.41
4.38
3.91
4.49
4.15
3.76
4.07
三恵シティホテル八王子
3.55
3.48
3.41
3.45
3.35
3.16
4.00
フォーレスト本郷
4.33
4.21
4.29
4.42
4.17
3.91
4.07
ホテルマリナーズコート東京
4.00
3.84
3.45
3.61
3.52
3.37
3.92
FIRST　CABIN（ファーストキャビン）日本橋よこやま町
4.16
3.97
4.31
4.02
4.10
4.03
3.83
アパホテル＜築地駅南＞
3.77
3.33
3.97
3.37
3.46
2.93
3.50
東横イン府中南武線南多摩駅前
4.00
3.82
4.09
4.09
3.91
3.73
3.30
アパホテル＜新富町駅北＞（全室禁煙）
4.17
3.94
3.94
4.44
4.17
3.88
4.25
アパホテル＜浅草　雷門＞（全室禁煙）
4.14
3.76
4.43
4.10
3.96
3.77
4.11
ヴィラフォンテーヌ東京神保町
4.00
3.72
4.22
3.97
3.78
3.71
3.26
第一ホテルアネックス
4.00
3.68
4.64
4.12
3.89
3.65
4.18
ホテル　メンテルス巣鴨
3.70
3.45
4.33
3.33
3.12
2.89
3.00
カプセルホテル渋谷ー男性専用ー
3.91
3.68
4.42
3.60
3.62
3.92
3.54
フレックステイイン常盤台
3.37
3.11
4.00
3.21
3.16
2.74
－－－－－
ホテルリブマックス東上野
3.69
3.55
3.78
3.69
3.69
2.96
4.25
ＴＨＥ　ＨＯＴＥＬ　ＳＨＩＮＢＡＳＨＩ（ザ　ホテル新橋）
3.88
3.79
4.24
3.95
3.64
3.31
3.63
立川リージェントホテル
3.67
3.63
4.02
3.72
3.65
3.39
3.37
東横イン羽田空港１
3.80
3.46
4.46
3.54
3.39
3.36
3.42
ホテルリブマックス八王子駅前
4.17
4.03
4.00
4.07
4.29
4.17
3.00
ホテルサンシティ池袋
3.90
3.76
4.76
3.79
3.67
3.41
3.40
ザ・ビー池袋
3.73
3.55
4.35
3.67
3.37
3.48
3.30
豪華カプセルホテル　安心お宿秋葉原電気街店
4.24
4.16
4.60
4.19
4.46
3.97
3.71
フレックステイイン江古田
3.67
3.43
4.27
3.20
3.33
3.00
－－－－－
ホテルマイステイズ東池袋
3.69
3.69
3.67
3.46
3.51
2.85
3.50
日比谷シティホテル
3.88
3.79
3.79
4.00
3.96
3.79
3.94
ホテルリブマックス東京羽村駅前
3.40
3.30
3.80
3.23
3.23
2.87
2.67
ムスビー東京浜松町
3.71
3.48
4.25
3.70
3.59
3.35
3.00
ホテルリブマックス調布駅前
3.21
3.25
4.39
3.14
3.18
2.96
3.00
ヒルトン東京
4.33
3.67
4.50
4.33
3.83
3.17
4.00
東急ステイ四谷
4.12
3.88
4.63
4.35
3.98
3.88
3.44
ホテル　サニー
3.94
3.62
4.69
3.92
3.47
3.56
3.85
アイホテル日本橋
3.86
3.73
3.81
3.95
3.65
2.98
4.00
ベッセルイン上野入谷駅前（全室禁煙）
4.44
4.24
4.08
4.35
4.29
3.91
4.57
ホテルブーゲンビリア三ノ輪
3.86
3.59
3.84
3.57
3.29
3.22
3.71
ホテルニューショーヘイ
4.02
4.04
4.47
3.66
3.87
3.15
3.78
カプセル＆サウナ　池袋プラザ
4.03
3.77
4.14
3.74
3.73
3.81
3.71
ホテル　プリンセスガーデン
3.48
3.24
4.15
3.34
3.29
3.05
3.41
ホテルファミーＩＮＮ・錦糸町
4.20
3.86
4.59
3.94
3.82
3.94
3.77
ＭＡＹＵ東京ＷＯＭＡＮ（２０１８年４月オープン）
4.32
4.20
3.92
4.15
4.06
3.77
3.83
ホテルリブマックス東京木場
3.57
3.55
3.74
3.26
3.52
3.00
3.32
レジデンスホテル　ウィル新宿
3.24
3.21
3.56
3.20
3.12
2.77
3.83
赤羽プラザホテル
3.82
3.66
4.39
3.73
3.48
3.29
2.20
アパホテル＜日本橋浜町駅南＞
3.80
3.51
3.40
3.90
3.67
3.51
3.64
ＧＬＡＮＳＩＴ　ＡＫＩＨＡＢＡＲＡ（グランジット　秋葉原）
4.12
4.13
4.65
4.26
3.96
3.92
4.00
ホテルバー　グランティオス
4.37
4.15
4.50
4.33
4.32
4.08
4.00
ＨＯＴＥＬ　ＥＭＩＴ　ＳＨＩＢＵＹＡ（ホテルエミット渋谷）
4.21
4.07
4.14
4.00
3.92
3.62
3.89
三井ガーデンホテル日本橋プレミア　２０１８年９月１３日（木）オープン
4.55
4.52
4.77
4.61
4.40
4.48
4.36
センチュリオンホテル池袋
3.68
3.51
4.49
3.63
3.49
3.09
3.38
ホテルリブマックス日本橋箱崎
3.98
3.59
4.15
3.68
3.67
3.35
3.00
相鉄フレッサイン　東京蒲田
4.15
3.82
4.22
3.99
3.89
3.58
3.61
ホテルルートイン東京蒲田－あやめ橋－
4.27
4.08
4.15
4.41
3.96
4.22
4.13
東急ステイ五反田
4.50
4.21
4.81
4.46
4.23
3.98
3.83
二子玉川エクセルホテル東急
4.18
3.79
4.50
4.21
3.92
4.16
4.13
Ｒ＆Ｂホテル　蒲田東口
3.78
3.51
4.16
3.73
3.36
3.34
3.39
ツクバホテル
3.26
3.23
3.99
2.71
2.76
3.01
3.00
水月ホテル鴎外荘
3.60
3.51
3.58
2.98
3.17
3.48
4.00
ホテル雅叙園東京
3.86
3.57
4.00
4.43
3.86
4.00
4.33
アパホテル＜蒲田駅西＞
3.56
3.56
3.38
3.50
3.50
2.93
3.00
ホテル庵浅草
4.11
3.78
4.21
4.04
4.08
3.64
4.00
ホテルローズガーデン新宿
4.22
4.16
4.32
4.28
4.12
3.84
4.23
パークホテル東京
4.67
4.83
4.83
4.17
4.33
3.83
4.00
ミヤビイン蒲田
4.17
4.09
4.15
3.66
3.83
3.30
3.70
トーセイホテルココネ神田（２０１７年１２月１日オープン）
4.06
3.79
4.26
4.08
3.75
3.70
3.80
ホテル　ヒカリ
4.48
4.48
4.10
4.15
4.12
4.20
3.60
東急ステイ用賀
4.57
4.31
4.90
4.66
4.26
4.18
－－－－－
ホテルルートイン東京阿佐ヶ谷
4.17
4.02
4.23
3.94
3.94
3.47
4.09
ホテルルートインＧｒａｎｄ東京東陽町
4.28
3.83
4.22
4.22
4.14
4.24
4.24
センチュリオンホテル・レジデンシャル・赤坂
4.00
3.61
4.39
3.72
3.67
3.44
2.67
坂のホテル　トレティオ　お茶の水
3.73
3.53
4.14
3.78
3.40
3.11
3.83
ホテル　アクセラ
4.16
4.04
3.59
3.74
3.64
3.92
3.31
シティペンション　ゼム
4.41
4.41
4.14
4.21
4.34
4.03
4.48
大橋会館
3.87
3.49
4.31
3.46
3.35
3.22
3.47
ｇｌｏｂａｌ　ｃａｂｉｎ　東京五反田（ドーミーインチェーン）
3.95
3.90
4.29
3.83
3.91
4.13
4.06
スカイハートホテル小岩（旧ホテルスカイコート小岩）
3.85
3.54
4.31
3.62
3.44
2.83
3.25
ヴィラフォンテーヌ東京日本橋箱崎
4.11
3.75
3.79
4.25
3.80
3.85
3.94
新宿ホテル　パークイン
3.23
3.15
4.00
3.04
3.28
2.62
3.00
ホテルロイヤルオーク五反田
3.49
3.28
4.22
3.09
3.11
2.78
3.38
ＳＡＫＵＲＡ　ＳＫＹ　ＨＯＴＥＬ（桜スカイホテル）
4.22
3.89
4.24
4.38
4.00
4.00
3.64
アパホテル＜銀座　宝町＞
3.84
3.64
4.16
3.76
3.64
3.33
3.38
ベストウェスタン東京西葛西グランデ
4.12
4.00
4.06
4.34
4.14
3.94
3.92
三鷹シティホテル
2.86
2.87
3.26
2.89
2.77
2.60
3.00
ヴィラフォンテーヌ東京上野御徒町
3.77
3.57
3.10
3.83
3.65
3.62
3.55
ホテルアークタワー高円寺
4.05
3.86
4.57
3.95
3.93
3.65
4.00
アパホテル＜秋葉原駅電気街口＞
4.00
4.00
4.39
4.13
4.16
3.72
3.09
東京グリーンパレス
4.13
3.78
4.44
4.14
3.82
3.44
3.94
三井ガーデンホテル五反田（２０１８年６月２９日オープン）
4.23
3.84
4.40
4.39
4.10
4.08
4.32
ホテルリブマックス浅草橋駅北口
4.10
3.62
4.14
4.10
3.95
3.47
3.00
ホテルウィングインターナショナルプレミアム東京四谷
4.32
4.18
4.47
4.28
4.17
3.80
4.36
スパ＆カプセルホテル　グランパーク・イン巣鴨
4.03
3.82
4.42
3.82
3.83
3.97
3.73
品川東武ホテル（旧高輪東武ホテル）
4.17
4.00
4.17
4.29
4.00
3.64
3.81
ソラリア西鉄ホテル銀座
4.33
4.18
4.82
4.28
4.25
4.26
3.63
ホテルＳ＆Ｓ　モリタウン
4.08
3.88
4.38
4.00
3.69
3.28
3.33
東横イン西武池袋線東久留米駅西口
4.00
3.56
4.56
4.12
3.44
3.32
3.27
東急ステイ門前仲町
4.21
3.88
4.52
4.23
3.87
3.59
3.81
大森東急ＲＥＩホテル
4.02
3.80
4.91
3.80
3.79
3.31
4.00
ザ・ビー赤坂
3.58
3.58
3.32
3.63
3.50
3.00
3.25
ホテル日本橋サイボー
4.20
4.26
4.54
3.89
4.25
3.77
3.24
東京・青梅石神温泉　清流の宿　おくたま路
4.32
4.40
4.28
4.48
3.96
3.72
4.35
ホテルＮＥＯ東京
4.29
4.00
4.22
4.00
3.90
4.06
5.00
ザ・ビー赤坂見附
3.76
3.16
4.60
3.60
3.40
3.04
3.57
ザ・スクエアホテル銀座（２０１８年１１月９日ＯＰＥＮ）
3.86
3.67
4.24
3.95
3.21
4.00
3.33
ホテルマイステイズ浅草橋
3.85
3.82
4.29
3.71
3.71
3.34
－－－－－
京急ＥＸイン　東銀座（２０１６年８月２５日新規オープン）
4.35
4.25
4.63
4.29
4.19
3.93
3.92
スーパーホテル品川・青物横丁
4.21
4.21
3.90
4.16
3.98
3.42
4.07
ホテル　ラ　フィレンツェ
4.29
4.34
4.14
4.09
4.14
4.17
3.61
アパホテル＜浅草橋駅北＞
3.65
3.42
4.08
3.91
3.37
3.65
3.65
上野ステーションホステル　オリエンタル　３（旧：カプセルホテル　センチュリー）
3.53
3.49
4.08
3.44
3.43
3.70
2.94
奥多摩の風　はとのす荘
4.85
4.64
4.58
4.85
4.62
4.00
4.50
マロウドイン赤坂
3.42
3.46
3.71
3.13
3.15
2.96
3.52
ファミリーリゾート・フィフティーズｆｏｒ舞浜
3.45
3.55
3.78
2.94
3.06
2.80
3.56
羽田イン
4.07
4.02
4.17
4.00
3.53
3.68
3.60
ホテルセブンシーズ銀座
3.56
3.56
4.06
3.56
3.41
3.06
4.33
スーパーホテル東京・錦糸町駅前　男女別人工炭酸　北斎の湯
4.40
4.17
4.59
4.41
4.00
4.17
4.03
サウナ＆カプセルホテル　北欧
4.29
3.93
4.61
3.84
3.92
4.34
3.93
銀座グランドホテル
3.73
3.56
4.63
3.46
3.32
3.25
3.95
ザ・センチュリオン　クラシック赤坂
3.76
3.82
4.06
4.41
3.76
3.73
3.00
ホテルリブマックス日暮里
3.59
3.37
3.85
3.15
3.52
2.85
－－－－－
ホテル浅草＆カプセル
3.60
3.20
4.13
3.12
2.94
3.52
4.00
イーホテル東新宿
3.72
3.44
4.22
3.44
3.24
2.67
4.67
ホテル新宿屋＜町田市＞
3.98
3.66
4.24
3.85
3.45
3.54
3.53
ホテルウィングインターナショナル新宿
3.86
3.77
4.36
4.14
3.96
3.57
4.00
ホテルウィングインターナショナル池袋
4.20
4.37
3.68
3.88
4.24
3.17
3.25
アパホテル＜日本橋　馬喰町駅北＞（２０１８年４月１３日オープン）
3.92
3.65
4.08
4.13
3.96
3.50
3.75
はとバス直営　銀座キャピタルホテル
3.98
3.72
4.23
3.65
3.40
3.27
4.19
ヴィアイン浅草
4.04
3.72
4.04
4.15
3.75
3.20
3.63
ザ・ビー東京新橋
4.00
3.96
4.04
3.96
4.00
3.64
4.18
シーサイド　イン　大森
3.59
3.32
4.26
3.35
3.17
3.59
4.09
ホテルステイシード　大田馬込駅前
4.03
3.93
4.33
3.64
3.81
3.19
4.19
Ｒ＆Ｂホテル大塚駅北口
3.78
3.47
4.63
3.53
3.02
3.11
3.40
渋谷ストリームエクセルホテル東急（２０１８年９月１３日オープン）
4.00
3.75
4.25
4.38
3.88
3.88
3.50
東急ステイ池袋
4.15
3.92
4.14
4.18
3.86
3.84
3.35
カプセルホテル　リード・イン　大森
3.91
3.69
3.91
3.55
3.71
3.80
3.70
Ｒｅｓｉｄｅｎｔｉａｌ　Ｈｏｔｅｌ　ＩＫＩＤＡＮＥ　Ｍａｃｈｉｙａ（レジデンシャルホテル粋だね町屋）
5.00
4.43
4.14
5.00
4.43
4.67
5.00
東京・湯河原温泉　万葉の湯
4.09
4.09
3.82
3.73
4.12
4.50
3.79
相鉄フレッサイン　御茶ノ水神保町
4.00
3.80
4.14
3.87
3.91
3.58
2.96
ホテル機山館
3.39
3.45
4.11
3.14
3.03
2.79
3.25
スーパーホテル東京・赤羽
4.23
4.30
3.93
4.19
4.23
3.80
4.03
ホテル　ラングウッド
3.97
3.94
4.61
3.94
3.91
3.77
3.89
ＢｕｍＢ（ぶんぶ）東京スポーツ文化館
4.17
3.88
3.54
4.22
3.69
4.02
3.74
東急ステイ銀座
4.56
4.23
4.78
4.35
4.30
3.84
4.10
相鉄フレッサイン　日本橋人形町
3.75
3.62
3.80
3.74
3.56
3.44
2.78
ＴＯＫＩＯ’ｓ　ＨＯＴＥＬ
3.92
3.81
4.24
3.90
3.82
3.47
3.56
展望大浴場　あさひ湯　ドーミーインＥＸＰＲＥＳＳ浅草
3.90
3.73
4.41
3.81
3.81
3.89
3.78
ＣＡＮＤＥＯ　ＨＯＴＥＬＳ（カンデオホテルズ）東京六本木
4.54
4.23
4.85
4.38
4.15
4.73
4.00
センチュリオンホテル上野
3.68
3.86
4.09
3.32
3.55
3.14
3.25
アパホテル＜御徒町駅北＞Ｓ
3.14
3.36
4.00
3.21
3.00
2.83
－－－－－
ヴィラフォンテーヌ東京八丁堀
3.36
3.27
3.64
3.47
3.33
3.20
3.11
ホテル　ベルクラシック東京
4.64
4.51
4.70
4.64
4.55
4.38
4.14
東京グランドホテル
4.00
3.93
4.13
4.03
3.69
3.26
3.82
東横イン京浜東北線王子駅北口
4.04
3.84
3.88
4.16
3.60
3.84
3.43
ホテルマイステイズ上野イースト
3.97
3.81
3.84
4.14
3.95
3.57
4.20
アパホテル＜日本橋　馬喰町駅前＞（全室禁煙）（２０１８年１２月１３日オープン）
4.38
4.38
4.50
4.38
3.75
4.14
3.25
ＣＡＮＤＥＯ　ＨＯＴＥＬＳ（カンデオホテルズ）上野公園
3.82
3.36
3.82
4.00
3.76
3.68
3.70
ビジネスホテル　オーク昭島
3.79
3.58
4.11
3.53
3.45
3.06
3.94
マロウドイン東京（府中）
3.41
3.43
4.30
3.25
3.20
2.81
3.71
ホテルリブマックス後楽園
3.25
3.39
3.11
2.96
3.39
2.81
4.00
アパホテル＜東新宿　歌舞伎町東＞
3.55
3.50
4.30
3.90
3.78
4.25
3.00
第一イン池袋
3.86
3.78
4.65
3.84
3.43
2.93
3.47
ホテル　ブーゲンビリア板橋（旧　ホテル　ラ・ガール　ドゥラヴィー板橋）
3.71
3.63
4.42
3.57
3.31
3.17
4.33
カプセル　イン　大塚
3.54
3.38
4.64
3.43
3.59
3.08
3.00
スマイルホテル日本橋三越前（旧：鴨川イン日本橋）
3.94
3.88
4.24
3.63
3.43
3.17
3.93
東急ステイ目黒・祐天寺
4.23
4.00
4.55
4.27
4.05
3.50
－－－－－
ホテルマイステイズ西新宿
3.59
3.53
4.00
3.76
3.59
3.44
－－－－－
恵比寿ホリックホテル（２０１８年７月ＮＥＷオープン）
3.74
3.42
3.84
3.84
3.74
3.58
2.78
相鉄フレッサイン　日本橋茅場町（２０１８年９月１日リニューアルオープン）
3.84
3.70
4.23
3.71
3.65
3.39
3.43
フレックステイイン白金
3.80
－－－－－
－－－－－
－－－－－
－－－－－
－－－－－
－－－－－
浅草橋ベルモントホテル
3.70
3.63
4.11
3.60
3.29
3.32
3.62
センチュリオンホテル＆スパ上野駅前
3.82
3.48
4.30
3.73
3.50
3.69
3.00
東横イン東京八王子駅北口
4.00
3.65
4.21
4.09
3.53
3.42
3.48
アーヴェストホテル大森
4.14
4.14
4.57
4.12
3.94
3.66
3.65
Ｒ＆Ｂホテル上野広小路
3.68
3.46
4.27
3.47
3.22
2.98
3.39
アクトホテル六本木
4.10
3.86
4.57
4.00
4.00
3.44
4.00
上野ステーションホステル　オリエンタル　１（旧：カプセルホテル　オリエンタル）
3.73
3.65
4.31
3.67
3.53
3.71
3.33
東急ステイ水道橋
4.34
4.09
4.70
4.40
4.04
3.85
4.25
新宿ワシントンホテル　新館
3.70
3.45
3.72
3.69
3.40
3.17
3.81
新宿グランベルホテル
4.05
3.83
3.58
4.10
3.97
3.75
3.81
ビジネス千成（せんなり）ホテル
3.67
3.73
4.20
3.67
3.24
2.83
3.41
渋谷エクセルホテル東急
4.14
3.93
4.86
4.25
3.86
3.78
3.87
ホテルザセレスティン銀座
4.55
4.64
4.55
4.64
4.45
4.64
4.88
三井ガーデンホテル大手町（２０１８年６月１７日オープン）
4.06
4.00
3.91
4.27
4.06
4.12
3.42
Ｒ＆Ｂホテル東日本橋
3.74
3.54
4.00
3.51
3.29
3.16
3.58
ホテル中央館
4.32
3.92
4.28
4.24
3.79
3.36
3.82
Ｒ＆Ｂホテル八王子
3.78
3.56
4.12
3.63
3.24
3.24
3.39
上野ファーストシティホテル
3.58
3.53
3.87
3.49
3.33
3.38
4.28
ホテルモントレ半蔵門
4.33
3.99
4.59
4.16
3.95
3.76
3.96
ホテルリブマックス北府中
4.21
4.20
3.07
3.80
4.27
3.79
3.00
ヴィラフォンテーヌ東京新宿
3.85
3.80
3.45
3.95
3.65
3.95
3.83
ドシー五反田（２０１８年４月２０日オープン）
3.41
3.32
4.15
3.18
3.14
3.12
3.78
東横イン羽田空港２
3.59
3.57
4.33
3.44
3.26
3.25
2.97
ホテルウィングインターナショナル後楽園
4.22
4.38
4.18
3.53
4.26
3.43
3.76
東横イン東京駅新大橋前
3.80
3.60
3.45
3.85
3.29
3.51
3.66
アリエッタ　ホテル＆トラットリア
3.95
3.79
4.08
3.89
3.84
3.76
3.53
第一ホテル東京シーフォート
4.33
3.98
4.55
4.23
3.88
3.43
4.15
イチホテル上野新御徒町［ｂｙリリーフ］（２０１８年９月１５日ＯＰＥＮ）
4.07
3.82
3.61
4.29
3.62
3.80
2.62
秋葉原ワシントンホテル
4.20
4.11
4.79
4.13
3.97
3.84
4.28
カプセル＆サウナ　コスモプラザ赤羽
4.25
4.00
4.31
3.98
3.98
4.07
3.50
八王子ホテルニューグランド
4.09
3.91
3.80
4.04
3.91
3.72
3.50
スマイルホテル東京阿佐ヶ谷
3.63
3.71
4.52
3.65
3.45
3.25
2.89
ホテルグレイスリー田町
4.40
4.28
4.23
4.11
4.19
3.66
4.50
銀座国際ホテル
3.78
3.45
4.57
3.51
3.12
2.96
2.71
コンフェスタイン河辺
3.50
3.38
4.13
3.33
3.17
3.05
3.36
スマイルホテル巣鴨　（旧：鴨川イン巣鴨）
4.04
3.82
4.40
3.78
3.60
3.37
3.70
相鉄フレッサイン東京神田（２０１８年３月１５日オープン）
3.98
3.61
3.72
3.80
3.69
3.65
2.68
調布クレストンホテル
3.44
3.61
4.42
3.50
3.06
2.71
3.50
ホテルリブマックス赤羽駅前
4.19
3.87
4.69
4.06
4.00
3.47
5.00
東急ステイ西新宿
4.21
3.94
4.09
4.31
4.06
3.96
3.71
ＭｙＣＵＢＥ　ｂｙ　ＭＹＳＴＡＹＳ浅草蔵前（マイキューブバイマイステイズ）
4.15
3.89
4.50
4.19
4.20
3.58
3.13
東横イン町田駅小田急線東口
3.90
3.74
4.00
4.03
3.53
3.43
3.58
水道橋グランドホテル
3.81
3.70
4.29
3.45
3.34
3.22
3.79
ザ・ビー六本木
3.73
3.67
4.67
3.92
3.50
2.92
3.25
フレックステイイン品川
3.85
3.67
3.83
3.75
3.33
3.00
5.00
東横イン新宿御苑前駅３番出口
3.82
3.73
4.09
4.36
3.18
3.78
3.50
ホテル庵築地
4.22
3.81
4.47
4.10
3.93
3.52
3.00
ＨＯＴＥＬ松本屋１７２５
4.04
3.89
4.44
4.29
3.71
3.62
3.48
ホテル　アマネク　浅草吾妻橋スカイ（２０１８年４月１８日オープン）
3.91
3.82
3.84
3.66
3.71
3.90
3.57
フレックステイイン巣鴨
3.33
2.91
3.64
3.55
2.91
3.09
－－－－－
ＳＡＫＵ　ＲＥＮ　ＪＩＭＢＯＣＨＯ（サクレン神保町）
4.53
4.36
4.75
4.42
4.59
4.17
4.30
久米川ウィングホテル
3.82
3.91
3.45
4.00
3.82
3.45
3.90
スパ＆カプセルホテル　グランパーク・イン北千住
3.91
3.79
4.04
3.72
3.79
3.57
3.78
八丈島　ホテル　リゾートシーピロス　＜八丈島＞
4.62
4.50
4.92
4.67
4.08
3.73
4.25
マロウドイン八王子
3.35
3.35
4.00
3.27
3.03
2.92
3.41
東横イン新宿歌舞伎町
3.58
3.16
3.70
3.70
3.18
3.10
3.19
東急ステイ日本橋
4.22
4.05
4.22
4.30
3.97
3.83
3.64
ホテル　タチバナ
4.15
3.61
4.57
3.43
3.38
3.09
－－－－－
ホテルリブマックス府中アネックス
2.70
3.04
3.00
2.45
2.83
2.24
2.50
カプセルバリュー神田
3.62
3.30
4.57
3.52
3.33
3.23
－－－－－
ホテルインターゲート東京京橋（２０１８年４月新規オープン）
4.17
4.08
4.43
4.02
3.93
3.88
4.29
入谷ステーションホテル
3.35
3.26
4.26
2.88
2.85
2.56
3.50
三田会館
4.01
3.72
4.11
3.97
3.67
3.65
3.12
スーパーホテル新宿歌舞伎町
4.07
4.07
3.90
4.07
3.83
3.80
4.38
ホテルテトラ赤羽
3.69
3.65
4.34
3.35
3.23
2.87
4.17
ザ・ビー水道橋
3.72
3.72
3.66
3.65
3.62
3.75
2.90
ホテルバー　グランティオス別邸
4.20
4.09
4.33
4.15
4.09
3.93
4.70
ＦＩＲＳＴ　ＣＡＢＩＮ（ファーストキャビン）愛宕山
3.70
3.75
3.48
3.91
3.82
3.74
3.86
東京駅前ＢＡＹ　ＨＯＴＥＬ（旧　東京日本橋ＢＡＹ　ＨＯＴＥＬ）
4.05
3.73
4.37
3.98
3.80
3.55
4.00
ホテル　サンライト新宿
3.87
3.80
3.92
3.67
3.44
3.33
3.92
東横イン東京秋川駅北口
4.00
3.44
4.44
3.89
3.47
3.31
3.69
ホテル　ルミエール西葛西
3.89
3.83
4.09
3.72
3.66
3.40
3.49
オリンピックイン渋谷
3.79
3.95
4.58
3.58
3.32
2.83
4.40
大塚ステーションホテル
3.28
2.97
4.35
2.83
2.77
2.50
3.20
ビジネスホテル梅月
3.60
3.33
4.20
3.47
3.13
3.29
1.00
ザ・カナーンホテル
4.13
3.74
4.10
4.10
3.74
3.84
3.82
リードパークリゾート八丈島　＜八丈島＞
4.13
4.50
3.50
4.38
4.13
4.38
4.14
ホテルマイステイズ上野入谷口
3.91
4.09
3.96
3.79
3.70
2.71
4.17
ベストウェスタン東京西葛西
3.83
3.67
4.34
3.64
3.64
3.11
3.88
ホテルレックス立川
3.81
3.76
4.00
3.95
3.86
3.35
3.67
インソムニア　赤坂
4.25
3.88
4.63
4.50
4.00
3.38
5.00
ＦＩＲＳＴ　ＣＡＢＩＮ（ファーストキャビン）　築地
4.08
3.96
4.51
3.85
3.73
3.81
3.69
カプセルホテル　レインボー総武線・葛飾区・新小岩店
3.96
3.94
4.41
3.82
3.76
4.04
3.97
ホテルグレイスリー銀座
4.16
4.00
4.68
3.97
3.78
3.97
4.63
瑞江第一ホテル
3.59
3.41
4.29
3.50
3.23
3.09
3.17
フレックステイイン中延
3.50
3.25
3.75
3.42
3.33
2.92
－－－－－
立川アーバンホテル
3.90
3.88
4.14
3.70
3.80
3.71
3.69
ホテルニュースター池袋
3.31
3.13
3.75
3.19
3.44
2.87
3.67
センチュリオンキャビン＆スパレディース赤坂
3.94
4.06
4.82
4.00
4.13
3.69
4.00
ホテルテトラ池袋（旧：ビジネスホテル西池）
3.50
3.45
4.30
3.45
3.21
3.07
－－－－－
ビジネスホテルサンライト本館
3.46
3.46
3.79
3.38
3.21
3.14
3.06
ホテル　エドアイト
3.42
3.50
3.50
3.08
2.92
2.75
4.00
カプセルランド　湯島
3.65
3.49
4.13
3.57
3.44
3.46
2.83
ナインアワーズ北新宿
4.07
3.50
4.60
4.10
3.74
3.79
3.50
ファーストキャビン（ＦＩＲＳＴ　ＣＡＢＩＮ）秋葉原
4.14
4.04
4.26
4.08
4.03
3.94
3.59
吉祥寺第一ホテル
4.04
3.85
4.24
4.00
3.65
3.68
4.29
東横イン池袋北口２
3.86
3.79
3.96
3.79
3.50
3.62
3.71
スーパーホテル東京・JR新小岩
4.26
4.31
4.50
4.35
4.19
3.54
4.11
サイプレスイン東京
4.14
3.69
4.68
4.19
3.78
3.63
4.00
東急ステイ蒲田
4.33
4.08
4.43
4.41
4.03
4.08
3.58
センチュリオンホテルレジデンシャル　キャビンタワー
3.70
3.43
4.37
3.35
3.40
3.12
3.50
くれたけイン東京船堀
3.82
3.75
4.20
3.61
3.52
2.78
3.40
ザ・ビーお茶の水
3.67
3.33
4.17
3.83
3.17
3.33
3.00
ホテル法華クラブ浅草
4.34
4.13
3.94
4.00
3.89
3.68
4.63
芝パークホテル
3.89
4.00
4.22
3.67
3.89
3.56
4.00
アーバンホテル　ツインズ調布
3.61
3.79
4.58
3.58
3.35
3.09
3.60
東京木場ホテル
3.25
3.10
3.90
3.29
3.05
3.10
2.50
東京グリーンホテル後楽園
4.07
3.88
4.73
3.79
3.58
3.39
3.71
スマイルホテル東京日本橋
3.76
3.32
4.39
3.49
3.55
3.26
3.88
ＣＯＭＭＵＮ　ＳＨＩＢＵＹＡ（コミュン　渋谷）
3.62
3.38
3.81
3.52
3.68
3.27
2.50
都市センターホテル（リーガロイヤルホテルグループ）
4.21
3.76
4.27
4.12
3.80
3.50
3.74
日本橋室町ＢＡＹ　ＨＯＴＥＬ（日本橋室町ベイホテル）
4.13
3.91
4.33
3.89
3.97
3.71
3.64
イビス東京新宿
3.80
3.67
4.27
3.60
3.64
3.29
3.50
ホテルＷＢＦ東京浅草（２０１８年７月ＯＰＥＮ）
3.95
3.86
3.65
4.26
3.93
4.12
3.80
ホテルマイステイズ日暮里
3.55
3.36
3.95
3.23
3.14
2.76
3.43
池袋ロッヂング
4.51
4.38
4.41
4.30
4.12
3.82
4.00
ホテルカデンツァ光が丘
3.84
3.72
3.67
4.08
3.60
3.40
3.47
春日旅館
4.14
3.86
4.45
3.50
3.05
3.95
4.00
シティホテル弘城
4.16
3.83
4.62
3.58
3.66
3.19
3.84
ホテル　ブーゲンビリア曙橋
3.27
3.09
3.64
3.09
3.00
2.91
3.00
ＳＯＨＯ浅草
3.35
3.22
2.61
3.22
3.13
2.71
3.00
Ｈｏｐ　Ｓｔｅｐ　Ｉｎｎ
3.95
3.97
3.92
3.63
3.61
3.76
3.40
東横イン東西線西葛西
3.56
3.59
3.72
3.47
3.34
3.22
3.39
ビジネスホテル　バン
3.80
3.87
4.27
3.47
3.58
3.41
3.93
ファーストキャビン日本橋水天宮
4.33
4.22
3.89
4.00
4.00
4.11
4.00
西立川ビジネスホテル
4.15
3.70
4.75
4.05
3.40
3.20
－－－－－
ＴＨＥ　ＳＨＡＲＥ　ＨＯＴＥＬＳ　ＬＹＵＲＯ　東京清澄
4.25
4.00
3.85
3.90
3.80
4.24
3.33
サウナ＆カプセル　ニューウイング
4.72
4.63
4.70
4.63
4.71
4.76
4.59
ホテルリブマックス大森駅前
3.11
3.00
4.17
2.61
3.06
2.63
－－－－－
ホテル　ニューウエノ
3.81
3.53
4.83
3.33
3.42
3.36
3.45
ＭＵＳＴＡＲＤ　ＨＯＴＥＬ　ＳＨＩＢＵＹＡ
3.29
3.00
3.86
3.14
2.86
2.71
4.14
フレックステイイン東十条
3.23
3.14
4.05
2.77
3.05
2.82
－－－－－
東横イン福生駅前東口
3.80
3.47
4.67
3.87
3.07
3.14
3.20
ホテル京阪　東京四谷（２０１８年１２月２１日リブランドオープン）
4.00
3.50
4.67
4.33
4.17
3.83
5.00
ホテル　セレッソ
4.04
3.80
3.87
3.80
3.78
3.45
4.05
東京プラザホテル
3.87
3.67
4.47
3.80
3.47
3.00
3.83
東横イン東京日本橋
3.69
3.25
3.81
3.31
2.94
3.00
3.42
ホテル　アマネク　浅草駅前
3.82
4.00
4.42
3.58
4.00
4.27
3.00
ナインアワーズウーマン神田
3.80
3.78
4.48
3.99
3.38
3.70
2.33
東横イン立川駅北口
3.20
3.40
3.40
3.48
3.15
3.00
2.89
ＨＯＴＥＬ　ＮＡＫＡＹＡＭＡ
4.21
4.07
4.43
4.36
4.64
3.64
4.00
相鉄フレッサイン　上野御徒町（２０１７年１１月１０日オープン）
4.19
3.93
4.55
4.13
3.94
3.83
3.50
ファーストキャビンＴＫＰ市ヶ谷（２０１８年１１月１５日グランドオープン）
4.17
4.21
4.71
4.13
4.00
4.17
4.25
ホテル　アルカトーレ六本木
3.83
3.48
4.68
3.52
3.22
3.25
2.83
ビジネスホテル一茶
4.23
4.29
4.00
3.93
3.57
3.31
4.00
立川アーバンホテルアネックス＜別館＞
3.88
3.73
4.12
3.85
3.72
3.43
3.63
ナインアワーズ赤坂
3.76
3.36
4.04
3.90
3.02
2.93
4.00
旅館　栄進館
4.14
4.18
4.39
3.68
3.86
3.33
4.21
ビジネスホテルサンライト別館
3.53
3.39
4.24
3.06
2.63
2.80
3.36
ホテル　ルミエール葛西
4.28
4.12
4.42
4.12
4.00
4.02
4.10
サウナ＆カプセル　サンフラワー
4.17
4.33
4.89
4.22
4.28
4.00
3.50
東急ステイ築地（旧：東急ステイ東銀座）
3.94
3.88
4.39
3.82
3.62
3.53
2.25
かんぽの宿　青梅
4.24
4.24
4.07
4.41
4.03
4.03
3.90
ザ・プリンス　さくらタワー東京
4.80
4.73
4.86
5.00
5.00
4.93
4.75
ホテルモントレ銀座
4.39
4.00
4.44
4.39
4.33
3.89
4.57
浅草ホテル　和草
4.03
3.93
3.81
3.64
3.76
3.56
5.00
ホテルルートイン五反田
3.90
3.77
3.06
3.85
3.70
4.16
4.02
ＢＯＯＫ　ＡＮＤ　ＢＥＤ　ＴＯＫＹＯ　ＳＨＩＮＪＵＫＵ
4.06
3.81
4.29
3.81
3.44
3.33
4.38
大塚タウンホテル
3.93
3.83
4.00
3.79
3.66
3.55
－－－－－
鳳明館　本館・台町別館
4.63
4.63
4.38
4.63
4.00
4.38
4.60
新宿アーバンホテル
4.45
4.62
4.39
4.31
4.36
3.61
4.86
東急ステイ新宿
4.25
4.00
4.48
4.17
3.91
3.67
4.00
東横イン品川青物横丁駅
3.51
3.23
4.37
3.26
3.03
3.09
3.14
西鉄イン日本橋
4.13
3.90
3.98
3.98
3.80
3.61
3.76
リバーサイドホテル墨田・江東
3.73
3.60
4.47
3.40
3.07
3.00
2.00
東京さぬき倶楽部
3.26
3.33
4.19
2.79
2.94
2.87
3.71
ビジネスホテル元春
4.00
3.85
4.52
3.70
3.33
3.04
－－－－－
ａｌｍｏｎｄ　ｈｏｓｔｅｌ　＆　ｃａｆｅ
3.93
3.83
4.40
3.70
3.56
3.48
3.67
ホテル丸忠　ＣＬＡＳＳＩＣＯ
3.76
3.47
3.45
3.50
3.53
3.77
3.50
女性だけが泊まれるカプセルホテル　秋葉原ＢＡＹ　ＨＯＴＥＬ（秋葉原ベイホテル）（２０１６年５月２６日
4.25
4.16
4.36
4.04
4.21
3.77
3.20
東横イン池袋北口１
4.04
3.80
4.04
4.08
3.64
3.60
3.50
府中アーバンホテル別館
4.18
4.03
4.55
4.00
3.80
3.50
4.00
ホテル　サン・モリシタ
3.47
3.27
3.93
3.13
3.33
2.71
3.00
ホテルマイステイズ浅草
3.31
3.29
3.29
3.00
3.29
2.42
－－－－－
フレックステイイン清澄白河
3.85
3.62
3.92
3.69
3.62
3.38
－－－－－
ホテルマック西日暮里
3.50
3.32
3.91
3.18
3.50
2.90
3.50
ホテルサードニクス上野
4.32
4.17
4.54
4.31
4.25
3.82
3.62
ＳＴＡＹＴＯ　ＨＯＴＥＬ（旧：オークホテル）
3.06
3.29
3.53
3.06
2.82
2.67
4.00
渋谷東武ホテル
3.63
3.44
4.04
3.56
3.59
3.15
3.25
スパ＆ホテル　八王子温泉やすらぎの湯（旧：ホテルグランスパ）
4.21
3.96
4.33
3.83
4.04
4.50
3.60
ホテルウィングインターナショナルセレクト上野・御徒町（２０１８年５月オープン）
4.18
4.07
4.49
4.16
4.10
3.91
3.61
ナインアワーズ竹橋（２０１８年３月３０日オープン）
3.58
3.35
3.80
3.64
3.18
3.17
3.33
ビジネスホテル　やなぎや＜東京都＞
3.25
3.25
4.63
2.75
2.75
3.00
3.00
ホテル　セントピア
4.32
4.37
4.21
4.00
3.67
3.65
4.22
エクセルシティーホテル
4.38
3.69
4.46
4.35
4.12
3.73
4.00
ＲａｋｕＨａｋｕ　ｉｎｎ　東京（ラクハクイン）
4.28
3.98
4.50
4.35
3.89
3.91
5.00
田町ＢＡＹ　ＨＯＴＥＬ（田町ベイホテル）
4.26
3.95
4.82
4.23
3.94
3.64
4.14
ビジネスホテル　ロイヤルイン菊水
3.00
3.44
3.44
2.44
3.11
2.13
－－－－－
ビジネスホテル福千
4.13
3.91
4.47
3.83
3.44
3.49
5.00
ファーストキャビン赤坂
4.04
3.85
4.66
3.91
3.96
3.77
3.33
カプセルインミナミ　六本木
3.00
2.79
4.37
3.21
2.89
2.63
－－－－－
日本青年館ホテル
4.67
4.53
4.53
4.64
4.59
4.60
4.74
ホテル　アマネク　銀座イースト（２０１６年６月１１日オープン）
3.62
3.31
3.38
3.69
3.31
4.23
－－－－－
ホテル　レインボー
3.80
3.66
4.66
3.43
3.45
3.31
3.23
ホテルパインヒル綾瀬
2.95
2.95
3.70
3.00
2.90
2.75
－－－－－
渋谷東急ＲＥＩホテル
4.06
3.71
4.76
4.06
3.82
3.24
4.50
八王子スカイホテル
3.89
3.39
3.72
3.89
3.12
2.81
3.83
ホテルミッドイン赤羽駅前
3.60
3.60
4.40
3.65
3.35
3.15
3.40
浅草タウンホテル
3.50
3.42
4.42
2.96
3.38
2.63
3.00
上野アーバンホテル
4.02
3.98
4.28
3.96
3.98
3.31
3.67
ホテルツーリストイン上野御徒町
3.33
3.17
3.17
3.33
3.00
3.40
－－－－－
ホテル　ヒルトップ
3.58
3.17
4.33
3.33
3.17
3.17
2.75
ネストホテル東京半蔵門
3.82
3.73
4.55
3.64
3.64
3.82
4.00
１泊１９８０円ホテルＴｏｋｙｏ
3.83
3.43
3.60
3.60
3.29
3.21
2.67
兜家旅館
4.21
4.29
4.50
4.29
3.79
4.21
4.14
Ｔｈｅ　Ｍｉｌｌｅｎｎｉａｌｓ　Ｓｈｉｂｕｙａ（ザ　ミレニアルズ渋谷）
3.69
3.46
3.92
3.77
3.75
3.80
3.25
八丈島プチホテル満天望　＜八丈島＞
5.00
4.87
4.53
4.87
4.73
4.17
5.00
ホテル丸忠　ＣＥＮＴＲＯ（チェントロ）　（旧：ホテル丸忠）
4.03
4.00
4.19
3.61
3.63
3.75
3.00
ホテルアジア会館
4.19
4.07
4.15
4.07
3.91
3.60
4.14
レッドプラネット東京　浅草
3.50
3.20
4.20
3.70
3.20
2.67
－－－－－
浅草蔵前ホテル　夢いろは
4.40
3.80
4.80
4.40
3.80
4.20
2.00
ニューホテルバンドン
3.38
3.13
3.38
3.25
2.75
2.88
－－－－－
大塚シティホテル
3.56
3.47
4.21
3.33
3.12
2.51
3.00
ホテルルートインＧｒａｎｄ東京浅草橋
3.82
3.77
3.86
3.73
3.67
3.91
3.86
ホテルモントレ　ラ・スールギンザ
4.32
3.89
4.53
4.11
4.11
3.61
3.82
ホテルたてしな
3.52
3.48
3.67
2.95
2.81
2.79
4.67
ホテルＪＡＬシティ羽田　東京　ウエストウイング
4.00
3.89
4.44
4.00
3.67
3.75
3.50
東横イン後楽園文京区役所前
3.71
3.21
4.64
4.14
3.29
3.58
3.43
八王子アーバンホテル
4.35
4.41
4.78
3.82
4.08
3.57
3.81
ＵＮＯ上野
3.97
3.94
3.97
3.71
3.67
3.57
3.00
赤坂アーバンホテル
4.12
4.00
4.48
3.80
3.80
3.24
3.67
ビジネスホテル　ほまれ
2.81
2.63
3.38
3.00
2.69
2.63
－－－－－
ビジネスホテル　松の井
2.91
2.91
4.36
2.45
2.36
2.36
－－－－－
サウナ&カプセルホテルニュー小岩３１０
3.69
3.62
4.03
3.38
3.31
3.66
3.88
千代田ホテル
3.65
3.90
4.40
3.35
3.29
2.85
2.00
ビジネスイン　サンホテル
3.50
3.57
3.93
3.21
3.29
3.07
4.00
ホテル　リンデン
4.13
3.96
3.52
4.13
4.38
4.22
3.83
西鉄イン蒲田
4.33
4.05
4.30
3.90
3.95
4.15
3.89
グリッズ　日本橋イースト　ホテル　＆　ホステル
4.09
3.90
3.89
3.85
3.64
3.56
5.00
セミナープラス　南町田
4.25
4.38
4.00
4.25
3.88
3.50
3.33
Ｔｒａｉｎ　Ｈｏｓｔｅｌ　北斗星
3.83
3.71
4.50
3.71
3.58
3.52
4.25
ホテルリブマックス浅草スカイフロント
3.93
3.43
4.44
3.96
3.70
3.23
3.67
ザ・ビー浅草（２０１８年１０月１７日オープン）
3.83
3.33
4.33
4.33
3.33
3.33
4.00
スパリゾート　プレジデント
3.64
3.43
4.54
3.61
3.07
3.64
3.75
ホテルアベスト銀座京橋（２０１７年７月１日オープン）
3.73
3.60
4.10
3.77
3.69
3.04
3.08
ホテル白ばらイン浅草
3.82
3.71
4.19
3.94
3.56
3.53
4.50
ホテルブーゲンビリア日野
3.87
3.57
4.27
3.70
3.50
3.63
3.75
ホテルリズベリオ赤坂
4.05
4.05
4.55
4.05
4.05
3.75
3.20
ファーストイン京橋
3.24
3.12
4.24
2.94
3.00
2.36
3.00
センチュリオンレディースホステル上野公園
3.78
3.61
4.39
3.65
3.35
3.33
3.33
東横イン浅草千束つくばエクスプレス
3.13
2.25
3.38
3.75
3.29
2.86
3.29
パールホテル葛西
3.77
3.59
4.23
3.32
3.50
3.10
3.83
ホテルマイステイズ上野稲荷町
4.14
3.60
3.80
4.00
3.40
3.25
4.00
カプセルイン錦糸町
3.80
3.60
4.48
3.44
3.65
3.46
3.73
ホテル　アカイ
3.42
3.00
4.25
3.08
3.08
2.86
4.00
東横イン神田秋葉原（旧：浅草橋交差点）
3.14
2.81
3.19
3.38
2.85
3.24
3.14
ホテルトレンド浅草
4.20
4.00
4.30
3.90
3.60
3.17
－－－－－
東横イン赤羽駅東口一番街
3.78
3.22
3.67
3.78
3.11
3.11
2.83
ステーションホテル　ちゃぼ
4.44
4.33
4.44
4.67
4.11
3.75
4.00
Ａｌｂｉｄａ　Ｈｏｔｅｌ　Ａｏｙａｍａ
4.20
4.20
4.00
4.20
5.00
4.60
－－－－－
かぷせるイン赤坂
3.75
3.68
4.09
3.41
3.51
3.63
3.75
東横イン門前仲町永代橋
3.30
3.20
3.05
3.50
3.00
3.21
3.07
ホテルノービス調布
3.70
3.50
4.60
3.60
3.40
4.11
4.00
ＲＹＯＫＡＮ　＆　ＤＡＹ　雫
3.29
3.57
2.43
3.86
4.00
3.57
－－－－－
ホテル蔵前
2.57
2.71
3.57
2.86
2.33
2.50
－－－－－
パールホテル両国
3.58
3.34
4.74
3.29
3.22
3.00
3.32
ナインアワーズ浅草
3.35
2.88
3.85
3.62
3.20
3.19
－－－－－
東横イン品川大井町
3.59
3.50
4.32
3.82
3.38
3.21
3.27
東京銀座ＢＡＹ　ＨＯＴＥＬ（東京銀座ベイホテル）
4.11
3.86
4.40
4.07
3.98
3.44
4.20
新橋愛宕山東急ＲＥＩホテル
3.80
3.63
4.23
3.66
3.49
3.22
3.67
調布アーバンホテル
4.00
4.00
3.94
3.65
3.70
3.23
3.76
スマイルホテル東京多摩永山
3.83
3.51
3.45
3.81
3.56
3.28
3.72
東横イン日本橋税務署前
3.82
3.55
3.73
3.55
3.09
3.27
3.11
シティホテル高幡
3.91
3.55
4.36
3.91
3.32
3.41
3.33
ホテル観月荘　上野
2.00
2.00
3.78
1.89
2.00
2.00
2.50
ＢｏｏｋＴｅａＢｅｄ　ＩＺＵＯＳＨＩＭＡ（伊豆大島）＜大島＞
4.67
4.33
4.83
4.50
4.33
4.20
4.67
ザ　ロイヤルパークホテル　東京汐留
4.00
3.97
4.41
4.14
3.93
3.97
3.68
ＢＯＯＫ　ＡＮＤ　ＢＥＤ　ＴＯＫＹＯ　浅草店
4.15
4.23
4.69
3.77
3.58
3.13
3.20
ロッジ　オーシャン　＜八丈島＞
4.31
4.46
4.31
4.15
4.31
3.75
4.42
ハセベ町屋イン
3.85
3.77
4.38
3.54
3.54
3.23
3.67
ホテルプラザ駒込
3.71
3.57
4.24
3.52
3.19
3.71
3.92
赤坂クリスタルホテル
3.65
3.28
4.60
3.42
3.42
3.18
3.00
モクシー東京錦糸町（マリオットグループ）
4.19
4.04
3.62
4.19
3.85
3.52
4.14
ビーグル東京ホステル＆アパートメンツ
3.93
3.80
4.26
3.54
3.78
3.64
3.87
グリッズ　秋葉原　ホテル　＆　ホステル
3.81
3.57
3.48
3.41
3.36
3.06
3.56
東横インアキバ浅草橋駅東口
4.00
3.86
4.43
4.00
3.43
3.57
3.80
ＢＯＯＫ　ＡＮＤ　ＢＥＤ　ＴＯＫＹＯ　ＩＫＥＢＵＫＵＲＯ
3.36
3.00
4.57
3.00
3.31
2.89
5.00
ＷＩＳＥ　ＯＷＬ　ＨＯＳＴＥＬＳ　ＳＨＩＢＵＹＡ
4.20
4.20
3.33
3.80
3.93
3.57
3.33
ＣＡＮＤＥＯ　ＨＯＴＥＬＳ（カンデオホテルズ）東京新橋（２０１８年１月１１日オープン）
4.20
4.10
4.43
4.38
4.23
4.44
4.34
ホテル奉仕会館
3.73
3.67
4.00
3.13
3.67
3.33
3.00
東京有明ＢＡＹ　ＨＯＴＥＬ（東京有明ベイホテル）
3.48
3.10
3.86
3.74
3.68
3.55
4.50
スマイルホテル浅草
3.44
3.44
3.00
3.56
3.26
2.89
3.00
ＨＯＴＥＬ　ＥＭＩＴ　ＵＥＮＯ（ホテルエミット上野）
3.67
3.83
4.33
3.50
3.33
2.67
3.33
浦島館
3.67
3.17
4.33
3.17
2.80
3.17
3.00
府中アーバンホテル
3.85
4.15
4.10
3.45
3.70
4.05
3.44
ビジネスホテル山百合
3.00
3.33
4.67
3.00
3.00
2.56
－－－－－
ホテルニュー栃木屋
3.69
3.41
3.82
3.24
3.27
3.38
－－－－－
ＰＬＡＹＳＩＳ　ＥＡＳＴ　ＴＯＫＹＯ
3.83
3.50
4.00
3.67
3.50
3.75
4.00
アヅマビジネスホテル
4.00
4.00
4.00
3.83
3.33
2.80
－－－－－
東横イン蒲田１
4.00
3.83
3.58
3.67
3.25
3.25
3.08
ツーリストホテル
3.00
3.08
4.08
3.08
2.64
2.36
3.00
アパートメント　サンブライト
3.57
3.21
4.79
3.43
3.13
3.07
3.00
みんなの別荘　ファミリア＜神津島＞
4.91
4.91
4.82
4.91
4.73
4.88
4.73
ＹＭＣＡアジア青少年センター
3.35
3.23
4.08
3.15
2.81
2.80
3.38
シティテル武蔵境
4.09
3.91
4.65
3.52
3.70
3.15
3.20
ＨＯＴＥＬ　ＥＭＰＩＲＥ　ＩＮ　ＳＨＩＮＪＵＫＵ
3.50
3.58
4.08
3.25
3.25
2.30
－－－－－
上野ターミナルホテル
3.65
3.68
4.12
3.53
3.24
3.07
3.61
ビジネスホテル一茶　別館
3.83
4.33
4.17
3.50
3.33
3.33
4.00
Ｂｏｏｔｈ　ＮｅｔＣａｆｅ＆Ｃａｐｓｕｌｅ
3.64
3.14
4.21
3.29
3.07
2.73
3.33
ときわホテル
4.00
4.00
4.55
3.18
3.64
4.00
5.00
ビジネス・イン・グランドール府中
4.11
3.67
4.78
4.22
3.44
3.63
3.00
ビジネスホテル　クレセント
3.33
3.33
3.25
3.25
3.17
2.67
3.00
Ｔｕｒｎ　Ｔａｂｌｅ　Ｈｏｓｔｅｌ
4.10
3.70
3.90
3.30
3.50
3.10
4.30
ＩＫＩＤＡＮＥ　ＨＯＵＳＥ　浅草旅籠
4.45
4.08
3.33
4.00
4.00
4.60
－－－－－
東横イン山手線大塚駅北口２
3.75
3.67
3.92
4.00
3.42
3.27
3.00
女性専用　アーバンホステル神田神保町　ＴＯＫＹＯ
4.31
4.17
4.53
4.10
3.75
3.78
3.80
ＷＩＳＥ　ＯＷＬ　ＨＯＳＴＥＬＳ　ＴＯＫＹＯ
4.00
3.82
4.73
3.73
3.36
3.60
4.00
Ｂ＆ＢＲＥＮＧＡ東銀座（ベッド＆ブレックファストレンガ）
4.33
4.33
4.83
4.00
4.33
4.17
4.75
Ｓｈｉｂａｍａｔａ　ＦＵ－ＴＥＮ　Ｂｅｄ　ａｎｄ　Ｌｏｃａｌ
3.57
3.71
4.29
3.71
3.50
3.67
4.00
ホテルグレイスリー新宿
4.09
3.96
4.61
4.22
4.00
4.55
3.64
ＷＥＢホテル東京浅草橋
3.75
3.31
4.06
3.38
3.56
2.80
3.00
新宿ノースホテル
4.61
4.17
4.50
4.00
3.89
4.35
4.00
ファミリーホテル　ふか川
3.33
3.33
3.44
3.11
3.11
3.22
－－－－－
ホテル　ニュー東北
3.50
3.38
3.75
3.25
3.00
3.13
4.00
ホテルトレンド浅草ＡＮＮＥＸ
4.33
4.33
4.83
4.33
4.67
3.75
－－－－－
ユニゾイン浅草
3.59
3.64
4.25
3.47
3.58
2.93
3.50
東横イン日本橋浜町明治座前
3.78
3.56
3.89
4.00
3.22
3.00
3.17
東横イン浅草蔵前雷門
3.83
3.83
3.67
4.00
3.00
3.33
3.17
ＨａｒｕＨｏｔｅｌ（ハルホテル）
2.11
2.44
3.22
2.33
1.56
2.33
3.00
カプセル&サウナロスコ（旧：カプセルイン駒込）
3.68
3.68
4.55
3.58
3.78
4.00
3.62
ＥＡＳＴ５７　浅草橋　ＥＡＳＴ５７　ＡＳＡＫＵＳＡＢＡＳＨＩ
3.15
3.00
3.46
3.00
2.83
3.23
4.50
ホテルサーティマイルズ
2.67
3.00
4.00
2.67
2.50
2.25
－－－－－
ＨＯＴＥＬ　ｏｗｌ　ＴＯＫＹＯ
4.05
3.80
4.46
3.88
3.73
3.53
3.50
ホテルサンルート“ステラ”上野
3.63
3.88
4.50
3.75
3.50
3.14
3.60
東横イン日本橋人形町
3.60
3.40
3.60
3.20
3.00
3.00
3.25
ＩＲＯＲＩ　Ｎｉｈｏｎｂａｓｈｉ　Ｈｏｓｔｅｌ　ａｎｄ　Ｋｉｔｃｈｅｎ
3.75
3.69
3.75
3.19
3.33
2.85
4.50
ＣＡＲＡＶＡＮ　ＦＬＡＫＥ＜大島＞
3.53
4.07
3.67
3.33
3.38
2.45
3.44
ビジネス旅館　亮月
3.00
2.80
3.60
2.80
2.40
2.75
－－－－－
東横イン上野田原町駅(旧：浅草田原町）
3.86
3.86
4.43
4.14
3.86
3.57
3.50
ベストウェスタンホテルフィーノ東京秋葉原
3.86
3.43
2.86
3.71
3.57
3.43
3.00
ＴＨＥ　ＮＥＬＬ　ＵＥＮＯ　ＯＫＡＣＨＩＭＡＣＨＩ
4.20
4.13
4.48
4.07
4.11
4.05
3.00
シティホテル　ロンスター
3.45
3.45
3.95
3.18
3.59
2.95
3.58
きぬやホテル
3.70
3.70
4.60
3.10
3.10
3.30
4.00
東京ツーリストイン
3.70
3.40
3.50
3.10
3.60
3.60
－－－－－
旅館　二幸
4.00
4.00
4.00
3.60
3.20
2.60
5.00
グリッズ　東京　浅草橋　ホテル＆ホステル（２０１７年１１月１日オープン）
3.86
3.93
4.07
3.71
3.57
3.45
4.20
旅館　三河屋本店
4.00
4.80
4.20
4.00
3.60
3.80
3.00
オークホステル桜
4.44
3.56
4.11
4.22
3.89
3.38
3.00
ＥＡＳＴ　ＢＬＵＥ　ＫＡＳＡＩＴＯＫＹＯ
4.67
3.83
4.33
4.17
3.83
3.00
3.00
カプセルホテルトランジット新宿
4.00
4.00
3.88
3.25
4.14
3.17
－－－－－
東横イン品川駅高輪口
3.95
3.65
4.40
3.90
3.50
3.44
3.33
南山荘＜東京都＞
4.86
5.00
4.43
4.86
4.29
4.29
5.00
ＩＣＨＩＮＩＣＨＩ
3.86
3.71
3.86
3.57
3.57
3.00
4.00
駒鳥山荘
4.88
4.88
4.63
4.50
4.63
4.75
5.00
シーズイン八王子
3.10
3.10
3.29
3.10
3.05
3.05
2.94
東横イン品川旗の台駅南口
4.13
3.87
4.47
4.13
3.80
3.79
3.67
ビジネス旅館　竹乃家
4.41
4.59
4.64
4.23
3.95
3.91
－－－－－
エース・イン新宿
2.88
2.38
3.75
2.38
2.14
2.67
－－－－－
東横イン蒲田東口
3.67
3.56
4.33
3.56
3.56
3.44
3.71
ホテル明月
4.00
3.83
3.50
3.83
3.00
3.40
－－－－－
Ｂｏｏｋ　Ｔｅａ　Ｂｅｄ　麻布十番店
3.40
3.40
4.00
3.60
3.33
2.63
4.00
ホテル朝日グランドール府中（２０１７年９月オープン）
4.14
4.14
4.43
4.43
3.29
2.75
－－－－－
エースイン浅草
3.75
3.50
2.88
3.25
3.00
2.86
3.00
カオサン東京サムライ
4.17
4.00
4.00
3.67
3.60
3.50
－－－－－
浅草ホテル旅籠
3.56
3.67
4.00
3.89
3.33
3.33
2.38
ＢＵＮＫＡ　ＨＯＳＴＥＬ　ＴＯＫＹＯ　（ブンカホステル東京）
4.06
4.06
4.56
3.94
3.89
3.13
4.00
＆ＡＮＤ　ＨＯＳＴＥＬ　ＫＡＮＤＡ（アンドホステル　カンダ）
3.30
3.11
3.67
3.11
3.12
3.32
4.50
＆ＡＮＤ　ＨＯＳＴＥＬ　ＡＳＡＫＵＳＡ　ＳＴＡＴＩＯＮ
3.20
3.20
3.80
3.20
2.80
3.25
－－－－－
Ｂｏｏｋ　Ｔｅａ　Ｂｅｄ　ＧＩＮＺＡ
2.64
3.00
4.09
2.73
2.30
2.11
5.00
イーストンホテル
3.94
3.63
4.35
3.78
3.40
3.36
3.00
ホテルウィングインターナショナルセレクト浅草駒形
4.38
4.69
4.62
3.15
4.23
2.69
3.30
ＴＯＫＹＯ－Ｗ－ＩＮＮ　Ａｓａｋｕｓａ
3.50
3.00
4.17
3.42
3.30
3.30
－－－－－
龍馬　池袋
3.83
3.50
3.17
4.00
3.67
3.40
－－－－－
ホテル稲本
4.08
3.69
3.31
3.77
3.46
3.33
3.00
千住田村屋
4.33
4.33
4.50
3.50
4.00
4.40
－－－－－
きぬや本館
3.00
3.20
4.60
2.60
2.40
3.40
－－－－－
厚生会館ホテル
3.78
3.79
4.44
3.68
3.33
3.44
3.00
Ｓｉｎｇｌｅ　ＣＡＢＩＮ　立花
3.20
3.00
4.60
3.40
2.75
3.00
－－－－－
和モダンなゲストハウス　和ごころ
4.63
4.88
3.88
4.25
4.38
3.83
－－－－－
八丈ビューホテル　＜八丈島＞
4.00
3.83
3.83
3.67
3.67
3.50
3.75
Ｔｏｋｙｏ　Ｈｏｓｔｅｌ　ＥＮＩＳＨＩ
4.19
4.25
4.06
3.88
4.25
4.10
4.88
サムライズホステル　池袋
3.57
3.86
2.71
3.29
3.43
2.60
5.00
アーバンホテル森下
3.80
3.20
3.60
3.40
2.80
2.40
－－－－－
カプセルきぬやホテル池袋
3.47
3.11
4.42
2.95
3.16
2.94
3.00
Ｊａｐａｎｉｚｅ　Ｇｕｅｓｔ　Ｈｏｕｓｅ
3.15
3.54
4.46
3.00
2.92
3.20
3.00
ＤＪ　Ｈｏｓｔｅｌ　Ｇｉｎｚａ
4.06
3.27
4.35
3.93
3.56
3.33
3.50
ホテルグレイスリー浅草
3.80
3.40
4.20
4.20
3.40
4.00
3.00
上野　ＮＥＷ伊豆ホテル
3.40
3.20
3.90
3.50
2.70
2.60
3.00
上野ホテル
3.25
3.25
3.13
3.00
3.00
3.20
3.67
Ｃｏｔｏｈａ　ＨＯＴＥＬ　御徒町
2.80
2.60
3.40
2.60
2.60
2.60
4.00
＆ＡＮＤ　ＨＯＳＴＥＬ　ＡＳＡＫＵＳＡ　ＮＯＲＴＨ
4.00
4.00
3.60
3.80
3.80
2.80
－－－－－
東京ゲストハウス板橋宿
3.88
3.88
4.38
3.63
3.63
3.00
－－－－－
エンブレムホステル西新井
2.88
3.00
3.63
2.63
2.67
3.40
4.00
プチホテル　あいらんど　＜三宅島＞
3.62
3.69
3.92
3.69
3.15
2.90
3.77
シーダイブ　ドミトリー（旧ハッチー・ジョーズ・ホステル）＜八丈島＞
3.64
3.09
4.18
3.18
3.00
2.50
3.00
パレスジャパン
2.80
3.00
3.60
2.80
2.00
3.00
－－－－－
Ｔ　ＨＯＵＳＥ
4.40
4.00
4.00
3.60
4.00
4.50
－－－－－
ＦＵＬＬ　ＣＡＢＩＮ　ＨＯＳＴＥＬ
2.50
1.83
3.67
2.67
2.00
2.50
－－－－－
コマツヤ
4.71
4.71
5.00
4.14
4.43
3.75
－－－－－
ホテルサンルート浅草
3.95
4.05
4.38
4.24
3.68
3.55
3.45
池袋ホテル＆カプセル　オアシス（旧ロビー会館）
3.33
3.29
4.24
3.05
3.05
2.75
3.71
ＴＨＥ　ＰＲＩＭＥ　ＰＯＤ銀座東京
3.80
3.88
4.88
3.72
3.50
3.27
3.71
ホテルグランドアーク半蔵門
4.27
4.15
4.44
4.34
4.07
3.95
4.10
ビジネスホテル　シティポート
3.78
3.56
4.00
3.56
3.22
3.56
4.00
ホテルフクラシア晴海（旧：晴海グランドホテル）（２０１８年６月１日リニューアルオープン）
4.12
3.81
3.84
4.14
3.88
3.79
4.23
中野サンプラザ
4.13
3.85
4.65
4.13
3.74
3.64
3.75
オリンピックイン麻布
3.91
3.59
4.05
3.77
3.44
3.28
2.71
デイナイスホテル東京
3.68
3.53
3.87
3.42
3.29
3.13
3.64
アワーズイン阪急
4.27
3.86
4.72
4.16
3.72
3.91
3.52
ホテルリンクス
3.91
3.59
4.13
3.59
3.07
3.16
3.70
両国リバーホテル
3.59
3.50
4.58
3.27
3.23
2.93
3.09
パールホテル新宿曙橋
4.25
3.89
3.89
4.22
3.78
4.25
4.00
ホテル武蔵野の森（調布・府中）
4.23
4.18
4.18
4.00
3.97
3.84
4.00
アルカディア市ヶ谷
4.10
3.74
4.62
3.79
3.53
3.49
3.86
ホテルグランドシティ
4.10
4.00
4.21
3.64
3.68
3.16
4.33
ＫＫＲホテル東京（国家公務員共済組合連合会東京共済会館）
4.36
4.12
4.45
4.36
3.98
3.77
4.02
東京ビュック
3.95
3.68
4.60
3.82
3.77
3.22
3.61
池袋ロイヤルホテル
3.32
3.11
4.23
3.23
2.84
3.40
2.74
ホテル　丸谷
4.01
3.93
4.44
3.76
3.94
3.56
4.21
東京ビジネスホテル
3.95
3.71
3.61
3.59
3.55
3.95
3.95
お茶の水セントヒルズホテル
3.94
3.78
4.03
3.81
3.66
3.48
3.60
島根イン青山
4.15
3.50
3.70
4.15
3.75
3.32
3.29
雅宿（みやびやど）竹峰
4.20
4.25
4.10
4.35
4.25
4.45
4.05
ホテルストリックス東京
3.00
2.88
4.25
3.13
2.78
2.91
2.46
オリンピックイン神田
3.82
3.61
3.76
3.82
3.33
3.03
3.69
山の上ホテル＜東京都＞
4.83
4.91
4.73
4.73
4.55
4.20
4.60
エコノミーホテルほていや
3.86
3.90
3.55
3.60
3.45
3.49
－－－－－
ＫＫＲホテル中目黒（国家公務員共済組合連合会目黒宿泊所）
3.68
3.62
3.26
3.82
3.68
4.20
4.17
カプセルネット　おもてなしのお宿
4.02
4.01
4.58
3.50
3.84
4.00
4.46
池袋セントラルホテル
3.69
3.15
4.02
3.41
3.38
3.00
4.00
パールホテル茅場町
3.78
3.63
4.15
3.41
3.33
3.44
4.36
ドシー恵比寿
3.28
3.08
4.62
3.09
3.14
3.17
4.33
全理連　代々木の宿（旧　全理連宿泊部）
4.41
4.35
4.86
4.27
4.02
3.94
4.25
大塚サンファーストホテル
3.16
2.79
4.00
3.21
3.16
2.94
－－－－－
西新宿グリーンホテル（旧：ホテルノーブル）
3.43
3.50
4.10
2.97
3.10
2.80
3.00
ホテル日光館
3.48
3.36
4.48
3.00
2.92
2.70
2.00
ホテルシーサイド江戸川
4.57
4.10
4.43
4.71
4.14
4.24
4.36
ビジネスホテルダイワ
3.73
3.50
4.75
3.58
3.08
3.00
2.00
つるや旅館＜東京都＞
4.76
4.63
4.39
4.46
4.07
4.20
4.86
パールホテル八重洲
4.00
3.75
4.00
3.67
3.58
3.27
3.25
南部イン西新宿
4.74
4.57
4.35
4.61
4.70
4.13
5.00
セントラルホテル東京
3.70
3.53
4.77
3.70
3.20
2.93
2.89
ホテルメイン神田
3.53
3.40
3.86
3.43
3.26
3.25
2.94
お台場　大江戸温泉物語
3.53
3.32
4.00
2.82
3.55
4.12
3.03
ビジネスホテル新力　４号館
3.65
3.25
4.10
3.20
3.30
3.00
－－－－－
学士会館ホテル
4.44
4.11
4.44
4.33
3.83
4.17
4.17
ホテル末広＜東京都＞
3.88
3.69
4.56
3.22
3.34
4.45
2.94
ホテルマーキュリー
3.58
3.67
4.33
3.17
3.33
3.09
3.75
天然温泉の宿　ホテル白岩　＜大島＞
3.74
3.68
4.00
3.55
3.37
4.10
3.95
ビジネスホテル　シティテル府中
3.88
4.13
4.50
4.00
3.88
3.33
4.50
新宿ビジネスホテル
3.81
3.33
4.47
3.20
3.26
2.92
4.00
景雲荘
4.36
4.04
4.88
4.32
3.25
3.38
－－－－－
レインボーホテル
3.50
3.39
4.11
3.04
2.93
3.27
2.33
ビジネスホテル新力　３号館
3.50
3.54
3.63
3.13
3.33
3.11
2.00
ホテル　パークアベニュー＜東京都＞
4.00
4.00
4.46
3.92
3.62
3.40
－－－－－
ホテル江戸屋
3.67
3.78
3.22
3.56
3.44
3.56
3.67
ヒロマスイン　千歳烏山
3.97
3.73
3.74
4.10
3.83
3.70
4.00
ヒロマスホステル　ｉｎ　秋葉原
4.04
3.71
3.91
3.87
3.68
3.74
－－－－－
ビジネスホテル　サンパレス＜東京都＞
3.87
3.87
3.61
3.74
3.61
3.32
3.50
ビジネスホテル　マーキュリー
3.75
3.75
4.42
3.33
3.25
2.92
3.18
ビジネスホテル経堂
4.00
3.80
4.00
4.20
4.00
3.40
4.50
Ｌａ　Ｋｒａｓｓｅ　墨田
4.90
3.90
4.81
4.86
4.57
4.19
－－－－－
浅草ＲＯＸまつり湯
4.23
4.13
4.33
3.67
4.10
4.54
3.47
新宿ＣＩＴＹ　ＨＯＴＥＬ　Ｎ．Ｕ．Ｔ．Ｓ東京
3.20
3.50
4.20
3.40
3.80
3.67
3.00
カプセルホテル＆サウナ　みづほ
3.88
3.73
4.19
3.58
3.88
3.77
4.11
ＧＵＥＳＴ　ＨＯＵＳＥ　東京櫻子　ＡＺＡＢＵ
3.47
3.05
3.53
3.42
2.56
2.35
－－－－－
ビジネスホテル堀留ヴィラ
3.21
3.36
3.71
2.86
3.00
2.86
3.00
助六の宿　貞千代
4.64
4.71
4.36
4.43
4.29
4.29
4.25
ハンドレッドステイ東京新宿
3.56
3.33
3.89
3.89
3.78
3.75
－－－－－
オークホステルキャビン
4.22
4.03
4.13
3.31
3.84
3.26
3.33
サクラホテル池袋
3.83
3.44
3.94
3.61
3.25
3.13
3.40
長良川旅館
4.14
4.29
4.14
4.07
3.79
3.43
－－－－－
東京セントラルユースホステル
3.83
3.83
4.79
3.92
3.35
3.48
4.00
ＦＩＲＳＴ　ＣＡＢＩＮ（ファーストキャビン）　羽田ターミナル１
3.88
3.81
4.90
3.57
3.65
3.97
4.00
＆ＡＮＤ　ＨＯＳＴＥＬ　ＡＫＩＨＡＢＡＲＡ
3.42
3.31
4.12
3.04
2.81
3.20
3.00
サットンプレイスホテル上野
3.83
4.06
4.25
3.72
3.69
3.89
3.00
田無第一ホテル
3.29
3.14
3.71
3.43
3.00
3.00
3.20
秋川渓谷　瀬音の湯
4.13
4.00
4.00
4.13
3.88
4.25
3.88
ＮＡＤＥＳＨＩＫＯ　ＨＯＴＥＬ　ＳＨＩＢＵＹＡ
3.60
3.90
3.70
3.80
3.79
4.32
4.00
ｏｂｉ　Ｈｏｓｔｅｌ
3.86
4.14
3.93
3.43
3.79
3.64
4.00
上野東金屋ホテル
4.06
4.29
4.88
3.82
3.50
3.08
4.29
ビジネスホテル　すえひろ
3.00
3.27
3.67
2.80
2.79
3.07
4.00
カプセル・イン新橋
3.22
3.22
4.44
3.22
2.88
2.20
－－－－－
カオサンワールド両国ホステル
3.38
3.00
3.75
3.63
3.29
2.80
－－－－－
ＨＯＴＥＬ　ＲＯＣＫＳ新宿
2.67
2.50
3.50
2.50
2.50
2.50
3.00
ビジネスホテル　福田屋＜台東区＞
4.00
3.62
3.31
3.46
3.15
3.77
－－－－－
二見館
4.13
4.00
4.50
4.25
3.57
3.43
－－－－－
サウナホテル　ニュー大泉
4.00
4.00
4.20
3.60
3.80
4.00
4.00
プラネタイズホステル
3.00
3.57
4.00
3.29
3.33
2.75
－－－－－
神保町サクラホテル
4.25
4.17
4.67
3.83
3.42
3.20
3.90
田端王子ホテル
3.00
3.00
2.20
2.80
2.40
2.75
2.25
ＨＯＳＴＥＬ　ＷＡＱＷＡＱ　ＴＯＫＹＯ　ＵＥＮＯ　ＡＳＡＫＵＳＡ
4.38
3.85
3.62
3.77
4.15
4.23
4.38
久米川ビジネスホテル純和
2.71
2.71
3.71
2.86
2.86
2.86
1.00
古民家の宿　山城
5.00
5.00
4.40
5.00
5.00
5.00
5.00
ビジネスホテル韓国館
4.00
3.00
4.17
3.67
3.00
3.40
－－－－－
サウナカプセルホテル　コア２１
3.50
3.33
4.00
3.00
3.60
4.17
3.00
ＥＮＡＫＡ　Ａｓａｋｕｓａ　Ｃｅｎｔｒａｌ　Ｈｏｓｔｅｌ
4.12
3.65
4.11
3.94
3.94
2.86
－－－－－
御宿ちよだ
4.50
4.50
4.50
4.00
4.17
4.17
－－－－－
ヒロマスホステル　ｉｎ　神田
3.95
3.26
3.95
3.42
3.78
3.56
－－－－－
ＵＮＰＬＡＮ　ｋａｇｕｒａｚａｋａ
4.14
3.86
4.00
3.71
3.57
4.00
4.40
カプセルホテル＆サウナ　銀河　綾瀬
3.50
3.83
4.17
3.50
3.17
3.67
4.00
サクラホテル日暮里
3.20
3.00
3.80
3.00
3.00
2.67
3.00
ゲストハウス　扇子
4.29
3.83
4.33
4.67
3.67
3.75
－－－－－
旅館＆ホステル　わさび日暮里
3.67
3.78
4.11
3.22
3.44
2.67
4.00
ＩＫＩＤＡＮＥ　ＨＯＵＳＥ
3.90
3.90
4.40
4.20
3.80
3.00
－－－－－
カプセルホテルサウナ太陽
4.00
3.40
4.80
3.60
4.00
4.20
－－－－－
ＨＩＳＡＹＯ’Ｓ　ＩＮＮ
4.86
4.88
4.50
4.63
4.86
4.83
5.00
ヒロマスホステル　ｉｎ　上野
3.71
3.50
3.25
3.50
3.63
3.63
－－－－－
池袋グランドホテル
3.09
2.73
3.36
3.18
2.82
3.55
4.00
Ｔｏｋｙｏ　Ｇｕｅｓｔ　Ｈｏｕｓｅ　Ｏｕｊｉ　Ｍｕｓｉｃ　Ｌｏｕｎｇｅ
3.71
3.29
4.57
3.43
3.71
3.33
4.00
ｂｎｂ＋コステルンアキバ
4.11
3.89
4.11
3.78
3.63
3.78
－－－－－
ｂｎｂ＋　ＴｒｉｐＣｏｍｍｕｎｉｔｙＴｏｋｙｏＦｉｖｅ
3.83
3.50
3.33
3.67
3.67
3.50
－－－－－
ゲストハウス　カマタ１
4.38
4.50
4.25
4.13
4.43
4.25
5.00
ＳＡＤＯＵ　ＨＯＳＴＥＬ　東京・上野
3.88
4.25
4.00
3.88
3.86
3.43
4.00
ｂｍｊ　Ｓｈｉｎｊｕｋｕ　Ｏｋｕｂｏ
4.00
3.90
3.70
4.50
4.10
4.30
4.00
商人ゆうだち
4.00
3.90
3.70
4.00
3.50
4.40
4.75
浅草旅館　東海荘
4.25
4.00
4.00
3.75
3.38
3.00
－－－－－
ゲストハウス品川宿　（ＧＵＥＳＴ　ＨＯＵＳＥ　品川宿）
3.67
3.83
4.17
2.83
2.67
2.80
3.00
もろこや　＜八丈島＞
4.40
4.40
3.60
3.80
3.00
3.60
3.00
ホテルニュー魚眠荘
3.25
3.00
4.63
3.00
2.75
3.43
3.75
ホテル日本橋ヴィラ
3.55
3.36
4.09
3.41
3.18
3.00
2.50
GRANDOUCE　六郷土手
3.80
3.80
4.00
3.80
3.80
2.67
－－－－－
ＧＵＥＳＴ　ＨＯＵＳＥ　ＴＯＫＹＯ　ＡＺＡＢＵ
4.13
4.25
4.75
4.25
3.88
3.71
－－－－－
Ｇｕｅｓｔ　Ｈｏｕｓｅ　ＴＲＡＣＥ
3.50
3.50
3.63
3.25
3.29
3.75
5.00
